pdb_id: 4CH1
analysis type: bound
radii_file: D:\PSAIA\amac_data\chothia.radii
ASA_zSice: 0.25
ASA_rSolvent: 1.4
CX_sRadius: 10
CX_vAtom: 20.1

  chain id|    res id|  res name|    average DPX|      s_avg DPX|   s-ch avg DPX| s-ch s_avg DPX|        max DPX|        min DPX|     average CX|       s_avg CX|    s-ch avg CX|  s-ch s_avg CX|         max CX|         min CX|               
         A         25        GLY         0.93963         0.95311         0.33815         0.67631          2.6508               0         0.01542        0.043616               0               0         0.13878               0               
         A         26        ALA         0.49073         0.63268         0.47396         0.69877           1.764               0        0.098284         0.13693        0.057465        0.068161         0.44721               0               
         A         27        MET          0.4492         0.63974         0.40239         0.64211          1.9918               0         0.70518         0.27076         0.74958         0.27076           1.105        0.096829               
         A         28        GLY         0.13984         0.34252               0               0         0.97885               0         0.71879         0.14975         0.81143         0.16013         0.96601         0.54369               
         A         29        SER         0.37333         0.49493         0.29252          0.4635          1.0803               0        0.079726         0.10034        0.060508        0.095967         0.27072               0               
         A         30        ARG         0.48598         0.74545          0.3663         0.68304          2.3289               0         0.99875         0.83402          1.1607          0.8228           3.253         0.07978               
         A         31        ASP           0.641         0.80862         0.41308         0.74349          2.0743               0         0.21862         0.15512         0.26781         0.14694         0.57877               0               
         A         32        THR          1.3685          1.0073         0.97207         0.92695          2.5314               0               0               0               0               0               0               0               
         A         33        MET         0.94212         0.98092         0.64399         0.89372          2.6938               0        0.072749         0.13085        0.095133         0.14234         0.46759               0               
         A         34        PHE          1.3103          1.0907          1.0486         0.96569          3.4386               0        0.079093         0.13914        0.098866         0.14914         0.51013               0               
         A         35        THR          1.9122          1.3054          1.3259          1.0177          4.0825               0               0               0               0               0               0               0               
         A         36        LYS          1.9131          1.5215          1.4305          1.2383          4.3945               0               0               0               0               0               0               0               
         A         37        ILE          5.4915         0.56392          5.4294         0.60273          6.3452          4.2904               0               0               0               0               0               0               
         A         38        PHE          4.2655         0.79484          4.0613         0.73673          6.2176          3.1428               0               0               0               0               0               0               
         A         39        VAL          6.2089          1.0813          6.6065         0.72819          7.7408          3.5054               0               0               0               0               0               0               
         A         40        GLY          2.9536         0.83118          3.2142         0.91412          4.4786          1.9986               0               0               0               0               0               0               
         A         41        GLY          1.2135         0.92149         0.58535          0.8278          2.5569               0               0               0               0               0               0               0               
         A         42        LEU          4.6489         0.90294          4.8757         0.83837          6.0018           2.509               0               0               0               0               0               0               
         A         43        PRO          2.3307          0.9387          2.2417          1.0544          3.9243               0               0               0               0               0               0               0               
         A         44        TYR         0.98811         0.90211         0.96552         0.93172          2.4886               0        0.018284        0.043961        0.022586        0.047855         0.17739               0               
         A         45        HIS         0.37684         0.75255         0.17297         0.62365          2.4216               0         0.19979         0.13984         0.25379         0.10947         0.48855               0               
         A         46        THR           2.103          1.0788          2.5073         0.91791          3.7369               0               0               0               0               0               0               0               
         A         47        SER         0.97105         0.97459         0.46151          0.8086          2.3178               0         0.02228        0.036567        0.035011        0.040688        0.091087               0               
         A         48        ASP         0.93216           1.031         0.43218         0.81597          2.6324               0               0               0               0               0               0               0               
         A         49        LYS          0.7091         0.79638         0.49318         0.64806           2.531               0         0.51713          0.4503         0.63205         0.41856          1.3682               0               
         A         50        THR          1.3115          0.9297          1.0674         0.94374          2.5699               0               0               0               0               0               0               0               
         A         51        LEU          3.2296          1.2327          3.4266          1.2044           5.002               0               0               0               0               0               0               0               
         A         52        HIS         0.96924          1.1363         0.55364         0.92723          2.7147               0         0.02157        0.057379        0.027733        0.063734         0.23312               0               
         A         53        GLU         0.72935          0.8715         0.59646         0.87898          2.6428               0        0.091327          0.1427         0.12454         0.15373         0.51013               0               
         A         54        TYR          1.4435          1.1205          1.3273          1.1903          3.6212               0      0.00032149       0.0014378      0.00039714       0.0015885       0.0067513               0               
         A         55        PHE          4.1922          1.3455           4.616          1.1571          6.8403          2.0146               0               0               0               0               0               0               
         A         56        GLU         0.82685          0.8543         0.73262         0.86764          2.3764               0        0.031956        0.080841        0.043577         0.09168         0.31897               0               
         A         57        GLN         0.24825           0.448         0.16608         0.38949          1.0796               0         0.23046         0.19108         0.27341         0.19435         0.73665               0               
         A         58        PHE         0.73596         0.86191         0.76946         0.91131          2.1339               0               0               0               0               0               0               0               
         A         59        GLY         0.62997         0.77102         0.66756         0.94407          2.0027               0        0.013765        0.027551        0.026593        0.037609         0.07978               0               
         A         60        ASP         0.62153         0.81823         0.13488         0.35685          2.3199               0         0.12312         0.16807         0.18468         0.17607         0.48855               0               
         A         61        ILE           1.045         0.79857          1.1045         0.85368          2.3684               0               0               0               0               0               0               0               
         A         62        GLU         0.81347         0.82318         0.71107         0.82942          2.1556               0        0.094355         0.15983         0.11717         0.17831         0.49926               0               
         A         63        GLU         0.97147          1.0289         0.59367         0.87192          2.8831               0        0.054966         0.12072        0.074954         0.13555           0.478               0               
         A         64        ALA          1.7954           1.121          2.2706          1.0734          3.2164               0               0               0               0               0               0               0               
         A         65        VAL          1.5215          1.0952          1.1468         0.96723          3.5496               0               0               0               0               0               0               0               
         A         66        VAL          1.6739         0.99149          1.7203         0.97033          3.0359               0               0               0               0               0               0               0               
         A         67        ILE          1.9469          1.0176          1.9178          1.0816          3.1079               0               0               0               0               0               0               0               
         A         68        THR         0.76409         0.85451         0.63943         0.86341           2.469               0               0               0               0               0               0               0               
         A         69        ASP          1.2169          1.0898         0.73634          1.0255          2.5425               0        0.062567        0.088131        0.085944        0.098163         0.26302               0               
         A         70        ARG         0.48421         0.73625         0.36433         0.67721          2.2818               0         0.55592         0.48778         0.63199          0.4961          1.7065               0               
         A         71        ASN         0.14757         0.36193               0               0          1.0813               0         0.64076         0.22236         0.67949         0.23561          1.1265         0.20461               
         A         72        THR         0.54916          0.6727         0.40493         0.66875          2.0028               0         0.55232          0.1688         0.57815         0.19094          0.9119          0.3445               
         A         73        GLN         0.45376         0.76431         0.25924         0.65259          2.2897               0         0.51022         0.29698         0.59838         0.28592          1.2652        0.091087               
         A         74        LYS         0.86897         0.90044         0.63084         0.78182          2.6202               0         0.47846         0.40288         0.57494         0.38303          1.2408               0               
         A         75        SER          1.2262          1.0554         0.79492          1.0178          2.7181               0               0               0               0               0               0               0               
         A         76        ARG          0.6594         0.86334         0.57266           0.861           2.929               0       0.0071015        0.021286       0.0085218        0.023057        0.096829               0               
         A         77        GLY          2.7276         0.41831          2.8616         0.51817          3.3668          2.1493               0               0               0               0               0               0               
         A         78        TYR          2.2295          1.2883          2.0115          1.2846          4.2901               0               0               0               0               0               0               0               
         A         79        GLY          4.5495         0.71703          4.1404         0.61057          5.7945          3.6536               0               0               0               0               0               0               
         A         80        PHE          3.7596         0.64378           3.573         0.58405           5.375          2.8443               0               0               0               0               0               0               
         A         81        VAL          3.8902         0.86251          3.7857         0.93186          5.2103          2.4754               0               0               0               0               0               0               
         A         82        THR          1.7211           1.112          1.3034          1.0468          3.1293               0               0               0               0               0               0               0               
         A         83        MET          3.4963         0.73921          3.6777         0.74092          4.7892          2.1295               0               0               0               0               0               0               
         A         84        LYS         0.89524         0.92039         0.85099         0.95104          2.5106               0         0.33499         0.33284         0.40652         0.32733          1.1937               0               
         A         85        ASP         0.91223          1.1677         0.33134         0.87664          3.1328               0        0.042993        0.075907        0.064489        0.085185          0.2187               0               
         A         86        ARG         0.62778         0.88885         0.36806          0.6879          2.6112               0         0.23842          0.3321          0.2861         0.34454           1.084               0               
         A         87        ALA         0.67153         0.92326               0               0          2.5241               0        0.091238          0.1204         0.15206         0.12211         0.32737               0               
         A         88        SER          1.5812         0.88709          1.3662         0.97184          2.5399               0               0               0               0               0               0               0               
         A         89        ALA          4.4239         0.70952           4.759         0.64248          5.4972          3.2997               0               0               0               0               0               0               
         A         90        GLU          1.2898          1.1548         0.82954          1.0002          2.8289               0        0.016793        0.054283        0.022899        0.062276          0.2187               0               
         A         91        ARG          1.0163          1.1262         0.68498         0.91788          2.9509               0         0.32289         0.40516         0.38747         0.41468          1.4232               0               
         A         92        ALA          3.6477          0.5822          3.6592         0.72212           4.872          2.5905               0               0               0               0               0               0               
         A         93        CYS          1.5681          1.0913          1.5961          1.1274          2.7804               0               0               0               0               0               0               0               
         A         94        LYS         0.65102         0.81105         0.55258         0.79417          2.8332               0         0.63515         0.52866         0.75498         0.51077          1.7421               0               
         A         95        ASP         0.86579          1.0818         0.32094         0.84913          2.5675               0        0.029412        0.054179        0.044118        0.061272         0.15776               0               
         A         96        PRO          1.0767          1.0558         0.55197         0.75219          2.7902               0         0.12637         0.13836         0.17692         0.13364         0.43722               0               
         A         97        ASN          1.0717          1.0548         0.89938          1.0257          2.6846               0        0.078599         0.12523         0.10738         0.13785         0.44721               0               
         A         98        PRO           2.684          1.1292          2.9276          1.1708          4.0234               0               0               0               0               0               0               0               
         A         99        ILE         0.79217         0.86475         0.71481         0.87572          2.8799               0         0.19312         0.16673         0.24462         0.15039         0.55521               0               
         A        100        ILE          2.8762          1.1571          3.1059          1.1541          4.7934               0               0               0               0               0               0               0               
         A        101        ASP         0.75512         0.82402         0.72172         0.94792          2.1267               0        0.011136        0.027752        0.012104        0.032023        0.096829               0               
         A        102        GLY               0               0               0               0               0               0         0.23651         0.14467         0.29773         0.16962         0.41767        0.057855               
         A        103        ARG         0.75131         0.90871         0.52606          0.7503          3.1091               0       0.0068905        0.016213       0.0082686        0.017437        0.063253               0               
         A        104        LYS         0.70814         0.78588         0.62542         0.76916          2.4445               0          0.2002         0.22763         0.24469         0.22901         0.78118               0               
         A        105        ALA          3.3991         0.78353          3.7495         0.77779          4.6971           2.253               0               0               0               0               0               0               
         A        106        ASN          1.7531           1.109          1.3673          1.0668          3.2159               0               0               0               0               0               0               0               
         A        107        VAL           3.343          1.3407          3.9172         0.81829          5.1865               0               0               0               0               0               0               0               
         A        108        ASN         0.86755          1.1333          0.3873         0.88482          3.1175               0               0               0               0               0               0               0               
         A        109        LEU          1.8236         0.99663          1.7409          1.0365          3.0818               0               0               0               0               0               0               0               
         A        110        ALA          3.1601         0.57419          3.2382         0.62785          4.2853          2.1905               0               0               0               0               0               0               
         A        111        TYR          1.1365          1.0327          1.1467          1.0911          2.8101               0        0.029705        0.068533        0.036694        0.074468         0.21161               0               
         A        112        LEU         0.22213          0.4306         0.14412         0.36743          1.0818               0         0.16849         0.16088         0.18177         0.16729         0.55521               0               
         A        113        GLY         0.60056         0.72018         0.59885          0.8469          1.7965               0        0.009815        0.024042        0.022902        0.032388        0.068705               0               
         A        114        ALA         0.58638         0.76746         0.35459         0.79289          2.1275               0               0               0               0               0               0               0               
         A        115        LYS         0.67099         0.81378         0.43151         0.67461          2.4079               0         0.37049         0.28875         0.44142         0.27138         0.98474               0               
         A        116        PRO         0.78598         0.87031         0.55086         0.74897          2.2679               0         0.45787         0.14539         0.51152         0.13453         0.70818         0.19084               
         A        117        ARG         0.22048         0.43019         0.16172         0.38496          1.0801               0          1.1616         0.71584          1.3094         0.69507           2.789          0.3445               
         A        118        THR         0.47967         0.67432         0.30721         0.64711          1.9902               0         0.06763        0.074144        0.052633        0.071193          0.2187               0               
         A        119        ASN         0.34967         0.57731          0.2835         0.58706          1.7577               0         0.44661         0.32937         0.59248         0.27615         0.98474               0               
         A        120        VAL         0.26404         0.45779         0.17986         0.40219          1.0815               0         0.14764         0.12232         0.10827         0.10852         0.36208               0               
         A        121        GLN         0.23451         0.43919         0.15417         0.37537          1.0818               0          1.3261         0.55728          1.2737         0.57421          2.7214         0.57877               
         B          1         DG              -1              -1              -1              -1              -1              -1              -1              -1              -1              -1              -1              -1               
         B          2         DG              -1              -1              -1              -1              -1              -1              -1              -1              -1              -1              -1              -1               
         B          3         DT              -1              -1              -1              -1              -1              -1              -1              -1              -1              -1              -1              -1               
         B          4         DG              -1              -1              -1              -1              -1              -1              -1              -1              -1              -1              -1              -1               
         B          5         DT              -1              -1              -1              -1              -1              -1              -1              -1              -1              -1              -1              -1               
         B          6         DG              -1              -1              -1              -1              -1              -1              -1              -1              -1              -1              -1              -1               
         B          7         DC              -1              -1              -1              -1              -1              -1              -1              -1              -1              -1              -1              -1               
