Position   Residue              HSE-up            HSE-down                  CN
         1         G                   0       11.8080239616       11.8080239616
         2         A                   0          5.71671776          5.71671776
         3         M                   0        7.3089866368        7.3089866368
         4         G        3.6836295844        7.7685489664       11.4521785508
         5         S                   0         9.617928784         9.617928784
         6         R                   0       12.2841717536       12.2841717536
         7         D        1.7654001384       11.8113706592       13.5767707976
         8         T         2.951307664       12.6703602848       15.6216679488
         9         M        2.5080027944      19.04541925056      21.55342204496
        10         F       9.46200144484      13.90543745312      23.36743889796
        11         T      16.99339014096      16.55785226688      33.55124240784
        12         K      11.51677121408      21.53308340352       33.0498546176
        13         I      17.04568030884      14.72916606176       31.7748463706
        14         F      22.81935303316      17.36736990496      40.18672293812
        15         V      21.92951383764       17.4924909616      39.42200479924
        16         G     18.921818350104      17.11870125984     36.040519609944
        17         G       9.65220872488       19.7060262128      29.35823493768
        18         L      15.08020311532    20.5551157686576    35.6353188839776
        19         P      23.52028204992        18.274498848      41.79478089792
        20         Y      15.68274083848      21.40889688672       37.0916377252
        21         H     17.533786899336      25.06526103744     42.599047936776
        22         T      11.41292173852      25.47846043008       36.8913821686
        23         S      20.56971430376       13.1684268576      33.73814116136
        24         D        6.3450188444      16.71965157568      23.06467042008
        25         K        4.4425724204      13.99867401536      18.44124643576
        26         T   0.867273615600002       16.3083510144         17.17562463
        27         L         6.121756738      15.52356772128      21.64532445928
        28         H       23.9614450918       12.6914913056       36.6529363974
        29         E        2.5579793988     21.161082569152     23.719061967952
        30         Y        0.6145888848      14.89014991072      15.50473879552
        31         F     17.274118768892       11.4123537312     28.686472500092
        32         E     18.883460147432      17.81995121536     36.703411362792
        33         Q        1.8040275748      16.22020440768      18.02423198248
        34         F       10.6511460116       10.3018209792       20.9529669908
        35         G     18.752947037704       13.4047852688     32.157732306504
        36         D        8.5281258856      17.94638200544      26.47450789104
        37         I        5.0380263712      13.70425300224      18.74227937344
        38         E    18.1274305323624       11.6065801728    29.7340107051624
        39         E      13.80144122932      16.01915603776      29.82059726708
        40         A        7.8674366924      14.78613942976      22.65357612216
        41         V      23.20573274216       10.3389798016      33.54471254376
        42         V      13.53415596244     20.722152985664     34.256308948104
        43         I      23.87828827708      17.29393814208      41.17222641916
        44         T       24.9936097834       18.7788312272       43.7724410106
        45         D      15.14199268664      24.98140570752      40.12339839416
        46         R      23.13604772696      14.49803837696      37.63408610392
        47         N        6.6106436868      19.08284444576      25.69348813256
        48         T        7.4962411776      16.82371283968      24.31995401728
        49         Q      10.90149376892        12.128274416      23.02976818492
        50         K        3.6356699856      16.81280958176      20.44847956736
        51         S      14.11728969844        12.284540352      26.40183005044
        52         R      11.83451252216    20.6102095958912    32.4447221180512
        53         G      14.36430686824     20.749367660768     35.113674529008
        54         Y       19.7094952194       24.3678202496        44.077315469
        55         G     18.096499521132      25.14770602048     43.244205541612
        56         F      22.79058167496     19.950436183392     42.741017858352
        57         V      20.96737594724      25.02034303552      45.98771898276
        58         T      23.48665274216     19.843342519712     43.329995261872
        59         M     18.406758412644      21.53478738336     39.941545796004
        60         K     17.277168146128      15.00495966528     32.282127811408
        61         D      13.97406563292         17.99588096      31.96994659292
        62         R      16.63980016348       12.0562724192      28.69607258268
        63         A      12.21669191532      14.73068603552      26.94737795084
        64         S       12.3316984096        12.325368304       24.6570667136
        65         A       9.37232260412       12.5601053952      21.93242799932
        66         E     17.212020166844       11.1688845952     28.380904762044
        67         R        4.7199266092      20.71371484496      25.43364145416
        68         A      10.34489901352      18.87653442528       29.2214334388
        69         C      18.83453340662      18.19635510784      37.03088851446
        70         K      19.59638446692      19.33035841792      38.92674288484
        71         D      15.75924181564      25.46176915136        41.221010967
        72         P     18.327212562332       17.7817487392     36.108961301532
        73         N        7.6997527352       17.8596083728        25.559361108
        74         P      11.66488712684      15.88656958112      27.55145670796
        75         I       9.89888364048      17.45639338016      27.35527702064
        76         I        7.2866224192      16.74068440128      24.02730682048
        77         D      20.08052190128       12.7587601472      32.83928204848
        78         G      13.22777121992      16.26675413536      29.49452535528
        79         R      13.40255636652      19.61851443072      33.02107079724
        80         K       15.8225344026       17.8650776256       33.6876120282
        81         A      10.14758904584      23.14632853376       33.2939175796
        82         N    18.0196121310208      13.60361559968    31.6232277307008
        83         V      13.11736207508      21.62434243168      34.74170450676
        84         N     17.805236561752      16.12257104544     33.927807607192
        85         L       13.8355451046      16.71140632992      30.54695143452
        86         A      17.57809356428      16.25852523104      33.83661879532
        87         Y      22.59531970772        9.8857422688      32.48106197652
        88         L      11.46022670008      16.15462965312       27.6148563532
        89         G        7.4055573924      16.96050915904      24.36606655144
        90         A       10.7643300842       14.5600301792       25.3243602634
        91         K      11.44592937032      14.11494548608       25.5608748564
        92         P        5.3920820204       10.7842415392       16.1763235596
        93         R       12.3053289174       11.8328783392       24.1382072566
        94         T     17.359693256044         8.050656448     25.410349704044
        95         N         5.564388048       11.3923732064       16.9567612544
        96         V      10.99468972804        9.4963990336      20.49108876164
        97         Q        7.1763079444       10.8131277824       17.9894357268