1 2 0.636813 0.185546
1 3 0.494726 0.184162
1 4 0.564661 0.075051
1 5 0.705242 0.157348
1 6 0.470381 0.164339
1 7 0.00150043 0.0328493
1 8 0.000751996 0.00771456
1 9 0.389913 0.143614
1 10 0.0813792 0.012337
1 11 0 0.00119057
1 12 0 0.00119057
1 13 0.0141849 0.0128528
1 14 0 0.00119057
1 15 0 0.00119057
1 16 0 0.00119057
1 17 0 0.00119057
1 18 0.0014371 0.00149044
1 19 0 0.00119057
1 20 0 0.00119057
1 21 0 0.00119057
1 22 0 0.00119057
1 23 0.294362 0.0221436
1 24 0 0.00119057
1 25 0.674086 0.107972
1 26 0.319303 0.147954
1 27 0 0.00119057
1 28 0.548748 0.102117
1 29 0.606375 0.115554
1 30 0.100423 0.0324689
1 31 0 0.00119057
1 32 0.225629 0.0458548
1 33 0.523476 0.0414141
1 34 0.0817368 0.0204481
1 35 0 0.00119057
1 36 0.215725 0.144083
1 37 0.000750296 0.000890733
1 38 0.0325223 0.0158324
1 39 0 0.00119057
1 40 0 0.00119057
1 41 0 0.00119057
1 42 0 0.00119057
1 43 0 0.00119057
1 44 0 0.00119057
1 45 0 0.00119057
1 46 0.00677923 0.00658631
1 47 0.236689 0.278374
1 48 0.013511 0.0187473
1 49 0.560213 0.204637
1 50 0 0.00119057
1 51 0 0.00119057
1 52 0 0.00119057
1 53 0 0.00119057
1 54 0 0.00119057
1 55 0 0.00119057
1 56 0 0.00119057
1 57 0 0.00119057
1 58 0.0141849 0.0128528
1 59 0 0.00119057
1 60 0.595326 0.140214
1 61 0.145055 0.0475393
1 62 0.0935973 0.0847656
1 63 0.272947 0.0574912
1 64 0.389561 0.191001
1 65 0 0.00119057
1 66 0.0313921 0.0657822
1 67 0.176979 0.0332628
1 68 0 0.00119057
1 69 0.0739878 0.0751087
1 70 0.176425 0.0377359
1 71 0.129587 0.0656876
1 72 0.0123181 0.0149563
1 73 0 0.00119057
1 74 0 0.00119057
1 75 0.0664391 0.0050543
1 76 0.00075887 0.00127239
1 77 0 0.00119057
1 78 0 0.00119057
1 79 0 0.00119057
1 80 0 0.00119057
1 81 0.133209 0.0265723
1 82 0 0.00119057
1 83 0 0.00119057
1 84 0 0.00119057
1 85 0 0.00119057
1 86 0 0.00119057
1 87 0.0305481 0.014053
1 88 0.000762355 0.00113014
1 89 0.012326 0.00652803
1 90 0.012326 0.00652803
1 91 0.012326 0.00652803
1 92 0.012326 0.00652803
1 93 0.012326 0.00652803
1 94 0.629663 0.245651
1 95 0.523964 0.114141
1 96 0.490003 0.0563115
1 97 0.162265 0.0491946
2 3 0.727022 0.262478
2 4 0.561701 0.107098
2 5 0.662078 0.150079
2 6 0.503698 0.101572
2 7 0.0153579 0.0162324
2 8 0.00754285 0.00564258
2 9 0.661715 0.0908926
2 10 0.072161 0.0150574
2 11 0 0.000309849
2 12 0 0.000309849
2 13 0.0148131 0.0151749
2 14 0 0.000309849
2 15 0 0.000309849
2 16 0 0.000309849
2 17 0 0.000309849
2 18 0.00136783 0.000329334
2 19 0 0.000309849
2 20 0 0.000309849
2 21 0 0.000309849
2 22 0 0.000309849
2 23 0.387277 0.0832979
2 24 0 0.000309849
2 25 0.78367 0.133358
2 26 0.360618 0.0281661
2 27 0 0.000309849
2 28 0.747087 0.195728
2 29 0.673618 0.138234
2 30 0.0353287 0.0215044
2 31 0 0.000309849
2 32 0.372033 0.0927791
2 33 0.44945 0.0278519
2 34 0.019431 0.0101269
2 35 0 0.000309849
2 36 0.225538 0.0449086
2 37 0.000714137 0.000339281
2 38 0.030938 0.0133873
2 39 0 0.000309849
2 40 0 0.000309849
2 41 0 0.000309849
2 42 0 0.000309849
2 43 0 0.000309849
2 44 0 0.000309849
2 45 0 0.000309849
2 46 0.00645187 0.00631531
2 47 0.333095 0.033245
2 48 0.0102667 0.0301205
2 49 0.607242 0.279578
2 50 0 0.000309849
2 51 0 0.000309849
2 52 0 0.000309849
2 53 0 0.000309849
2 54 0 0.000309849
2 55 0 0.000309849
2 56 0 0.000309849
2 57 0 0.000309849
2 58 0.0148131 0.0151749
2 59 0 0.000309849
2 60 0.481033 0.0158819
2 61 0.316668 0.0972338
2 62 0.126643 0.0629985
2 63 0.278758 0.183467
2 64 0.53308 0.309329
2 65 0 0.000309849
2 66 0.0790249 0.0285186
2 67 0.304219 0.0322594
2 68 0 0.000309849
2 69 0.0235025 0.0734934
2 70 0.303702 0.0335663
2 71 0.0174015 0.0247024
2 72 0.00298125 0.0186574
2 73 0 0.000309849
2 74 0 0.000309849
2 75 0.0621923 0.0102104
2 76 0.000722298 0.000170781
2 77 0 0.000309849
2 78 0 0.000309849
2 79 0 0.000309849
2 80 0 0.000309849
2 81 0.272746 0.018934
2 82 0 0.000309849
2 83 0 0.000309849
2 84 0 0.000309849
2 85 0 0.000309849
2 86 0 0.000309849
2 87 0.0502367 0.0397921
2 88 0.000725614 0.000253384
2 89 0.0376693 0.0233395
2 90 0.0376693 0.0233395
2 91 0.0376693 0.0233395
2 92 0.0376693 0.0233395
2 93 0.0376693 0.0233395
2 94 0.673445 0.122993
2 95 0.484437 0.0453103
2 96 0.703995 0.0399881
2 97 0.290183 0.0342871
3 4 0.605176 0.464804
3 5 0.505924 0.0933725
3 6 0.422532 0.109961
3 7 0.00357793 0.00708195
3 8 0.000611743 0.00421389
3 9 0.635797 0.283163
3 10 0.0456131 0.010896
3 11 0 0.00107857
3 12 0 0.00107857
3 13 0.00151271 0.00477836
3 14 0 0.00107857
3 15 0 0.00107857
3 16 0 0.00107857
3 17 0 0.00107857
3 18 0.00116902 0.00108271
3 19 0 0.00107857
3 20 0 0.00107857
3 21 0 0.00107857
3 22 0 0.00107857
3 23 0.336809 0.0621136
3 24 0 0.00107857
3 25 0.653976 0.096896
3 26 0.257656 0.0248127
3 27 0 0.00107857
3 28 0.560137 0.022158
3 29 0.596498 0.172416
3 30 0.0243388 0.0559769
3 31 0 0.00107857
3 32 0.332129 0.058928
3 33 0.387861 0.0497498
3 34 0.00774202 0.00667764
3 35 0 0.00107857
3 36 0.126247 0.0142264
3 37 0.000610361 0.00127933
3 38 0.0212694 0.00423864
3 39 0 0.00107857
3 40 0 0.00107857
3 41 0 0.00107857
3 42 0 0.00107857
3 43 0 0.00107857
3 44 0 0.00107857
3 45 0 0.00107857
3 46 0.00551276 0.000676673
3 47 0.421448 0.314932
3 48 0.00609024 0.0911757
3 49 0.44264 0.0321367
3 50 0 0.00107857
3 51 0 0.00107857
3 52 0 0.00107857
3 53 0 0.00107857
3 54 0 0.00107857
3 55 0 0.00107857
3 56 0 0.00107857
3 57 0 0.00107857
3 58 0.00151271 0.00477836
3 59 0 0.00107857
3 60 0.385995 0.0822794
3 61 0.247913 0.0313895
3 62 0.140151 0.105127
3 63 0.201731 0.0330214
3 64 0.472576 0.0719947
3 65 0 0.00107857
3 66 0.0811794 0.012024
3 67 0.316831 0.103582
3 68 0 0.00107857
3 69 0.0333355 0.0373997
3 70 0.316417 0.106701
3 71 0.0266319 0.0515956
3 72 0.0101085 0.0167968
3 73 0 0.00107857
3 74 0 0.00107857
3 75 0.0547695 0.0409716
3 76 0.000617335 0.00108689
3 77 0 0.00107857
3 78 0 0.00107857
3 79 0 0.00107857
3 80 0 0.00107857
3 81 0.231549 0.0308913
3 82 0 0.00107857
3 83 0 0.00107857
3 84 0 0.00107857
3 85 0 0.00107857
3 86 0 0.00107857
3 87 0.0277316 0.00393706
3 88 0.00062017 0.000977444
3 89 0.00372217 0.0153849
3 90 0.00372217 0.0153849
3 91 0.00372217 0.0153849
3 92 0.00372217 0.0153849
3 93 0.00372217 0.0153849
3 94 0.568027 0.0514389
3 95 0.405843 0.0701373
3 96 0.61988 0.0767918
3 97 0.239917 0.0745915
4 5 0.72194 0.362753
4 6 0.442073 0.0894862
4 7 0.00136278 0.0297665
4 8 0.000683024 0.0135301
4 9 0.519941 0.322023
4 10 0.0482593 0.00778751
4 11 0 0.00192816
4 12 0 0.00192816
4 13 0.00168903 0.00217575
4 14 0 0.00192816
4 15 0 0.00192816
4 16 0 0.00192816
4 17 0 0.00192816
4 18 0.00130526 0.00262099
4 19 0 0.00192816
4 20 0 0.00192816
4 21 0 0.00192816
4 22 0 0.00192816
4 23 0.275396 0.0793469
4 24 0 0.00192816
4 25 0.617897 0.0713438
4 26 0.246457 0.0562198
4 27 0 0.00192816
4 28 0.490289 0.0459408
4 29 0.49789 0.0587956
4 30 0.0919702 0.0512565
4 31 0 0.00192816
4 32 0.154785 0.0423869
4 33 0.480703 0.0321279
4 34 0.0798919 0.0196861
4 35 0 0.00192816
4 36 0.129273 0.0246211
4 37 0.000681481 0.00169989
4 38 0.0295089 0.00724684
4 39 0 0.00192816
4 40 0 0.00192816
4 41 0 0.00192816
4 42 0 0.00192816
4 43 0 0.00192816
4 44 0 0.00192816
4 45 0 0.00192816
4 46 0.00615628 0.00615534
4 47 0.22572 0.0592937
4 48 0.0181633 0.0233169
4 49 0.493514 0.0793975
4 50 0 0.00192816
4 51 0 0.00192816
4 52 0 0.00192816
4 53 0 0.00192816
4 54 0 0.00192816
4 55 0 0.00192816
4 56 0 0.00192816
4 57 0 0.00192816
4 58 0.00168903 0.00217575
4 59 0 0.00192816
4 60 0.510133 0.0455867
4 61 0.141848 0.052627
4 62 0.101649 0.0644148
4 63 0.241791 0.0403774
4 64 0.331252 0.0310808
4 65 0 0.00192816
4 66 0.0193007 0.00530866
4 67 0.161036 0.0512189
4 68 0 0.00192816
4 69 0.0143752 0.00332093
4 70 0.160552 0.0536789
4 71 0.144205 0.1333
4 72 0.000720556 0.00409215
4 73 0 0.00192816
4 74 0 0.00192816
4 75 0.0605742 0.0117905
4 76 0.000689268 0.00175568
4 77 0 0.00192816
4 78 0 0.00192816
4 79 0 0.00192816
4 80 0 0.00192816
4 81 0.124636 0.0187712
4 82 0 0.00192816
4 83 0 0.00192816
4 84 0 0.00192816
4 85 0 0.00192816
4 86 0 0.00192816
4 87 0.0170748 0.00255448
4 88 0.000692433 0.00122735
4 89 0.00415639 0.0148134
4 90 0.00415639 0.0148134
4 91 0.00415639 0.0148134
4 92 0.00415639 0.0148134
4 93 0.00415639 0.0148134
4 94 0.632423 0.202271
4 95 0.480172 0.0343013
4 96 0.589759 0.206478
4 97 0.168 0.0404776
5 6 0.512551 0.0613906
5 7 0.00843624 0.015851
5 8 0.00760662 0.0154961
5 9 0.476646 0.0697037
5 10 0.0873546 0.031928
5 11 0 0.00126775
5 12 0 0.00126775
5 13 0.00207184 0.00555065
5 14 0 0.00126775
5 15 0 0.00126775
5 16 0 0.00126775
5 17 0 0.00126775
5 18 0.00160104 0.00108522
5 19 0 0.00126775
5 20 0 0.00126775
5 21 0 0.00126775
5 22 0 0.00126775
5 23 0.381423 0.23439
5 24 0 0.00126775
5 25 0.713882 0.0628842
5 26 0.378219 0.19176
5 27 0 0.00126775
5 28 0.62105 0.164142
5 29 0.57351 0.0672657
5 30 0.0840674 0.0373077
5 31 0 0.00126775
5 32 0.154011 0.0255534
5 33 0.644377 0.106011
5 34 0.0671229 0.00497842
5 35 0 0.00126775
5 36 0.192646 0.0240844
5 37 0.000835867 0.00113845
5 38 0.0636429 0.0292298
5 39 0 0.00126775
5 40 0 0.00126775
5 41 0 0.00126775
5 42 0 0.00126775
5 43 0 0.00126775
5 44 0 0.00126775
5 45 0 0.00126775
5 46 0.0545045 0.102168
5 47 0.216645 0.0355592
5 48 0.00816708 0.0124352
5 49 0.630631 0.215074
5 50 0 0.00126775
5 51 0 0.00126775
5 52 0 0.00126775
5 53 0 0.00126775
5 54 0 0.00126775
5 55 0 0.00126775
5 56 0 0.00126775
5 57 0 0.00126775
5 58 0.00207184 0.00555065
5 59 0 0.00126775
5 60 0.725634 0.236214
5 61 0.140403 0.028432
5 62 0.071994 0.0503971
5 63 0.288091 0.0766024
5 64 0.335995 0.0234993
5 65 0 0.00126775
5 66 0.0243778 0.00288709
5 67 0.153401 0.0320971
5 68 0 0.00126775
5 69 0.0139338 0.00357956
5 70 0.152762 0.0331374
5 71 0.15586 0.0828135
5 72 0.000883798 0.00235087
5 73 0 0.00126775
5 74 0 0.00126775
5 75 0.0764635 0.0141259
5 76 0.000845419 0.00299675
5 77 0 0.00126775
5 78 0 0.00126775
5 79 0 0.00126775
5 80 0 0.00126775
5 81 0.118922 0.00561098
5 82 0 0.00126775
5 83 0 0.00126775
5 84 0 0.00126775
5 85 0 0.00126775
5 86 0 0.00126775
5 87 0.0167744 0.00294115
5 88 0.000849301 0.0019849
5 89 0.0110816 0.0210634
5 90 0.0110816 0.0210634
5 91 0.0110816 0.0210634
5 92 0.0110816 0.0210634
5 93 0.0110816 0.0210634
5 94 0.68627 0.129225
5 95 0.568247 0.0523705
5 96 0.672277 0.188696
5 97 0.170702 0.0316702
6 7 0.0135696 0.0480237
6 8 0.0117616 0.0255363
6 9 0.409231 0.094356
6 10 0.051254 0.0473774
6 11 0 0.0047715
6 12 0 0.0047715
6 13 0.00150003 0.00224219
6 14 0 0.0047715
6 15 0 0.0047715
6 16 0 0.0047715
6 17 0 0.0047715
6 18 0.00115923 0.00293236
6 19 0 0.0047715
6 20 0 0.0047715
6 21 0 0.0047715
6 22 0 0.0047715
6 23 0.224084 0.103427
6 24 0 0.0047715
6 25 0.468675 0.0307901
6 26 0.170461 0.00160856
6 27 0 0.0047715
6 28 0.527188 0.246842
6 29 0.40277 0.0239555
6 30 0.0176184 0.030376
6 31 0 0.0047715
6 32 0.146596 0.0452051
6 33 0.412741 0.0894733
6 34 0.00954489 0.00444293
6 35 0 0.0047715
6 36 0.0774961 0.0876234
6 37 0.000605248 0.00388395
6 38 0.026179 0.00239003
6 39 0 0.0047715
6 40 0 0.0047715
6 41 0 0.0047715
6 42 0 0.0047715
6 43 0 0.0047715
6 44 0 0.0047715
6 45 0 0.0047715
6 46 0.00546651 0.00479344
6 47 0.214924 0.0624347
6 48 7.74625e-05 0.0055602
6 49 0.518538 0.256175
6 50 0 0.0047715
6 51 0 0.0047715
6 52 0 0.0047715
6 53 0 0.0047715
6 54 0 0.0047715
6 55 0 0.0047715
6 56 0 0.0047715
6 57 0 0.0047715
6 58 0.00150003 0.00224219
6 59 0 0.0047715
6 60 0.423118 0.0519565
6 61 0.101127 0.0100012
6 62 0.0760977 0.0195536
6 63 0.0611997 0.0640098
6 64 0.19972 0.0276789
6 65 0 0.0047715
6 66 0.0116474 0.00401849
6 67 0.103225 0.000969437
6 68 0 0.0047715
6 69 0.00499922 0.121544
6 70 0.102791 0.00136905
6 71 0.019675 0.0340763
6 72 0.000639951 0.00416665
6 73 0 0.0047715
6 74 0 0.0047715
6 75 0.0541185 0.0012551
6 76 0.000612164 0.00268987
6 77 0 0.0047715
6 78 0 0.0047715
6 79 0 0.0047715
6 80 0 0.0047715
6 81 0.119138 0.065869
6 82 0 0.0047715
6 83 0 0.0047715
6 84 0 0.0047715
6 85 0 0.0047715
6 86 0 0.0047715
6 87 0.0162551 0.0534275
6 88 0.000614975 0.00294874
6 89 0.00369096 0.031949
6 90 0.00369096 0.031949
6 91 0.00369096 0.031949
6 92 0.00369096 0.031949
6 93 0.00369096 0.031949
6 94 0.470634 0.191877
6 95 0.409075 0.0778436
6 96 0.424318 0.0625282
6 97 0.0417846 0.0120147
7 8 0.0117616 0.077807
7 9 0.00316829 0.014763
7 10 0.000394693 0.00112635
7 11 0 0.00893295
7 12 0 0.00893295
7 13 1.23094e-05 0.00379291
7 14 0 0.00893295
7 15 0 0.00893295
7 16 0 0.00893295
7 17 0 0.00893295
7 18 9.51364e-06 0.00847313
7 19 0 0.00893295
7 20 0 0.00893295
7 21 0 0.00893295
7 22 0 0.00893295
7 23 0.00283824 0.00191993
7 24 0 0.00893295
7 25 0.00423172 0.00316794
7 26 0.00245768 0.0025451
7 27 0 0.00893295
7 28 0.00287766 0.00222438
7 29 0.00375433 0.00390409
7 30 0.00538081 0.00628082
7 31 0 0.00893295
7 32 0.000480467 0.000572937
7 33 0.00340045 0.00608302
7 34 0.00521569 0.0137668
7 35 0 0.00893295
7 36 0.00262807 0.00533986
7 37 4.96799e-06 0.00854745
7 38 0.000213291 0.0047949
7 39 0 0.00893295
7 40 0 0.00893295
7 41 0 0.00893295
7 42 0 0.00893295
7 43 0 0.00893295
7 44 0 0.00893295
7 45 0 0.00893295
7 46 4.4808e-05 0.00549458
7 47 0.000551216 0.00168469
7 48 0.00820333 0.0469644
7 49 0.00239114 0.00156245
7 50 0 0.00893295
7 51 0 0.00893295
7 52 0 0.00893295
7 53 0 0.00893295
7 54 0 0.00893295
7 55 0 0.00893295
7 56 0 0.00893295
7 57 0 0.00893295
7 58 1.23094e-05 0.00379291
7 59 0 0.00893295
7 60 0.00258135 0.00356865
7 61 0.000446318 0.00211108
7 62 0.00363799 0.0107827
7 63 0.000979742 0.000393974
7 64 0.0017719 0.00323394
7 65 0 0.00893295
7 66 0.000565156 0.00258195
7 67 0.000399224 0.00575966
7 68 0 0.00893295
7 69 4.09832e-05 0.00799638
7 70 0.000393593 0.00607202
7 71 0.000160609 0.00427261
7 72 5.25279e-06 0.00731146
7 73 0 0.00893295
7 74 0 0.00893295
7 75 0.000437168 0.00195706
7 76 5.02474e-06 0.00803732
7 77 0 0.00893295
7 78 0 0.00893295
7 79 0 0.00893295
7 80 0 0.00893295
7 81 0.000314798 0.00618207
7 82 0 0.00893295
7 83 0 0.00893295
7 84 0 0.00893295
7 85 0 0.00893295
7 86 0 0.00893295
7 87 5.27076e-05 0.00291393
7 88 5.04781e-06 0.0081701
7 89 3.02695e-05 0.0073423
7 90 3.02695e-05 0.0073423
7 91 3.02695e-05 0.0073423
7 92 3.02695e-05 0.0073423
7 93 3.02695e-05 0.0073423
7 94 0.00804975 0.0129809
7 95 0.00286393 0.00115565
7 96 0.0042934 0.00362785
7 97 0.000769239 0.000293649
8 9 0.00264493 0.0220095
8 10 0.000197849 0.00240196
8 11 0 0.00998249
8 12 0 0.00998249
8 13 6.17067e-06 0.0069213
8 14 0 0.00998249
8 15 0 0.00998249
8 16 0 0.00998249
8 17 0 0.00998249
8 18 4.76915e-06 0.00884069
8 19 0 0.00998249
8 20 0 0.00998249
8 21 0 0.00998249
8 22 0 0.00998249
8 23 0.0022502 0.00472464
8 24 0 0.00998249
8 25 0.0021195 0.000882291
8 26 0.00189799 0.00521698
8 27 0 0.00998249
8 28 0.00222434 0.00750818
8 29 0.00188067 0.000820474
8 30 9.3816e-05 0.00175319
8 31 0 0.00998249
8 32 0.000240842 0.0013712
8 33 0.00146053 0.000614581
8 34 6.12991e-05 0.00380789
8 35 0 0.00998249
8 36 0.000455286 0.0022423
8 37 2.49044e-06 0.00938042
8 38 0.000106919 0.00334898
8 39 0 0.00998249
8 40 0 0.00998249
8 41 0 0.00998249
8 42 0 0.00998249
8 43 0 0.00998249
8 44 0 0.00998249
8 45 0 0.00998249
8 46 2.2462e-05 0.00449136
8 47 0.000276303 0.00277922
8 48 9.77548e-06 0.00829367
8 49 0.0017128 0.00513564
8 50 0 0.00998249
8 51 0 0.00998249
8 52 0 0.00998249
8 53 0 0.00998249
8 54 0 0.00998249
8 55 0 0.00998249
8 56 0 0.00998249
8 57 0 0.00998249
8 58 6.17067e-06 0.0069213
8 59 0 0.00998249
8 60 0.00150882 0.000365558
8 61 0.000223725 0.00346005
8 62 0.000186205 0.00273908
8 63 0.000491075 0.000270776
8 64 0.000888011 0.00288686
8 65 0 0.00998249
8 66 0.00028329 0.005181
8 67 0.000200119 0.00428222
8 68 0 0.00998249
8 69 2.05447e-05 0.00582066
8 70 0.000197297 0.00468215
8 71 8.0511e-05 0.00647872
8 72 2.6332e-06 0.0092436
8 73 0 0.00998249
8 74 0 0.00998249
8 75 0.000219139 0.00293905
8 76 2.51889e-06 0.00856411
8 77 0 0.00998249
8 78 0 0.00998249
8 79 0 0.00998249
8 80 0 0.00998249
8 81 0.000157801 0.00777098
8 82 0 0.00998249
8 83 0 0.00998249
8 84 0 0.00998249
8 85 0 0.00998249
8 86 0 0.00998249
8 87 2.6422e-05 0.00641458
8 88 2.53045e-06 0.00913303
8 89 1.5174e-05 0.00601495
8 90 1.5174e-05 0.00601495
8 91 1.5174e-05 0.00601495
8 92 1.5174e-05 0.00601495
8 93 1.5174e-05 0.00601495
8 94 0.00299197 0.0056844
8 95 0.00143497 0.00113081
8 96 0.00244151 0.00187968
8 97 0.000385577 0.000443615
9 10 0.0430302 0.00480066
9 11 0 0.00316694
9 12 0 0.00316694
9 13 0.00130908 0.00289044
9 14 0 0.00316694
9 15 0 0.00316694
9 16 0 0.00316694
9 17 0 0.00316694
9 18 0.00101167 0.00287331
9 19 0 0.00316694
9 20 0 0.00316694
9 21 0 0.00316694
9 22 0 0.00316694
9 23 0.30496 0.0318987
9 24 0 0.00316694
9 25 0.622291 0.109876
9 26 0.299355 0.0888942
9 27 0 0.00316694
9 28 0.640295 0.150201
9 29 0.54777 0.0783283
9 30 0.0200093 0.0227988
9 31 0 0.00316694
9 32 0.340708 0.131181
9 33 0.368888 0.0230392
9 34 0.0130477 0.0020322
9 35 0 0.00316694
9 36 0.147642 0.0894935
9 37 0.000528219 0.00242387
9 38 0.0228227 0.00301571
9 39 0 0.00316694
9 40 0 0.00316694
9 41 0 0.00316694
9 42 0 0.00316694
9 43 0 0.00316694
9 44 0 0.00316694
9 45 0 0.00316694
9 46 0.00476984 0.00166496
9 47 0.347736 0.253129
9 48 0.00207427 0.000830684
9 49 0.440926 0.10431
9 50 0 0.00316694
9 51 0 0.00316694
9 52 0 0.00316694
9 53 0 0.00316694
9 54 0 0.00316694
9 55 0 0.00316694
9 56 0 0.00316694
9 57 0 0.00316694
9 58 0.00130908 0.00289044
9 59 0 0.00316694
9 60 0.371102 0.0133935
9 61 0.256487 0.0714419
9 62 0.0944231 0.0116252
9 63 0.151992 0.0406678
9 64 0.425121 0.0382929
9 65 0 0.00316694
9 66 0.0540383 0.0136555
9 67 0.255736 0.0316371
9 68 0 0.00316694
9 69 0.0196374 0.0528513
9 70 0.255376 0.0336723
9 71 0.0260436 0.0192742
9 72 0.000558505 0.00129406
9 73 0 0.00316694
9 74 0 0.00316694
9 75 0.0471207 0.000540894
9 76 0.000534254 0.00200033
9 77 0 0.00316694
9 78 0 0.00316694
9 79 0 0.00316694
9 80 0 0.00316694
9 81 0.310828 0.149264
9 82 0 0.00316694
9 83 0 0.00316694
9 84 0 0.00316694
9 85 0 0.00316694
9 86 0 0.00316694
9 87 0.0056121 0.100687
9 88 0.000536707 0.00173643
9 89 0.00322081 0.00181633
9 90 0.00322081 0.00181633
9 91 0.00322081 0.00181633
9 92 0.00322081 0.00181633
9 93 0.00322081 0.00181633
9 94 0.55494 0.126446
9 95 0.358354 0.00905399
9 96 0.680862 0.257897
9 97 0.237502 0.0445358
10 11 0 0.00333164
10 12 0 0.00333164
10 13 0.0255144 0.0551996
10 14 0 0.00333164
10 15 0 0.00333164
10 16 0 0.00333164
10 17 0 0.00333164
10 18 0.000378039 0.00301038
10 19 0 0.00333164
10 20 0 0.00333164
10 21 0 0.00333164
10 22 0 0.00333164
10 23 0.0216319 0.0633211
10 24 0 0.00333164
10 25 0.100249 0.0508986
10 26 0.046711 0.0132316
10 27 0 0.00333164
10 28 0.0546758 0.00570557
10 29 0.0658153 0.0127198
10 30 0.0199978 0.00285121
10 31 0 0.00333164
10 32 0.0324605 0.0229289
10 33 0.153282 0.0453178
10 34 0.0140086 0.0171275
10 35 0 0.00333164
10 36 0.00530786 0.0282951
10 37 0.000197402 0.00294814
10 38 0.00357868 0.05366
10 39 0 0.00333164
10 40 0 0.00333164
10 41 0 0.00333164
10 42 0 0.00333164
10 43 0 0.00333164
10 44 0 0.00333164
10 45 0 0.00333164
10 46 0.0173542 0.0804646
10 47 0.0220323 0.00721323
10 48 0.000774958 0.00223775
10 49 0.075945 0.0174713
10 50 0 0.00333164
10 51 0 0.00333164
10 52 0 0.00333164
10 53 0 0.00333164
10 54 0 0.00333164
10 55 0 0.00333164
10 56 0 0.00333164
10 57 0 0.00333164
10 58 0.0255144 0.0551996
10 59 0 0.00333164
10 60 0.105302 0.0346773
10 61 0.0178181 0.010731
10 62 0.0092878 0.00141078
10 63 0.0441498 0.0396318
10 64 0.046592 0.0545247
10 65 0 0.00333164
10 66 0.00991236 0.006183
10 67 0.0159296 0.00135638
10 68 0 0.00333164
10 69 0.00162905 0.00154277
10 70 0.0157039 0.00123819
10 71 0.00239133 0.00146629
10 72 0.000208719 0.00342109
10 73 0 0.00333164
10 74 0 0.00333164
10 75 0.017451 0.0061845
10 76 0.000199657 0.00186866
10 77 0 0.00333164
10 78 0 0.00333164
10 79 0 0.00333164
10 80 0 0.00333164
10 81 0.0125492 0.00297391
10 82 0 0.00333164
10 83 0 0.00333164
10 84 0 0.00333164
10 85 0 0.00333164
10 86 0 0.00333164
10 87 0.027064 0.054748
10 88 0.000200574 0.00165251
10 89 0.00120306 0.000914729
10 90 0.00120306 0.000914729
10 91 0.00120306 0.000914729
10 92 0.00120306 0.000914729
10 93 0.00120306 0.000914729
10 94 0.0774804 0.0159517
10 95 0.237705 0.224401
10 96 0.259276 0.282006
10 97 0.0522253 0.0144168
11 12 0 0.0113364
11 13 0 0.00796997
11 14 0 0.0113364
11 15 0 0.0113364
11 16 0 0.0113364
11 17 0 0.0113364
11 18 0 0.0100364
11 19 0 0.0113364
11 20 0 0.0113364
11 21 0 0.0113364
11 22 0 0.0113364
11 23 0 0.00266981
11 24 0 0.0113364
11 25 0 0.00102467
11 26 0 0.00427017
11 27 0 0.0113364
11 28 0 0.00216195
11 29 0 0.00142947
11 30 0 0.0025772
11 31 0 0.0113364
11 32 0 0.00136543
11 33 0 0.00174355
11 34 0 0.0046417
11 35 0 0.0113364
11 36 0 0.00272387
11 37 0 0.0104854
11 38 0 0.00473123
11 39 0 0.0113364
11 40 0 0.0113364
11 41 0 0.0113364
11 42 0 0.0113364
11 43 0 0.0113364
11 44 0 0.0113364
11 45 0 0.0113364
11 46 0 0.00647742
11 47 0 0.00686408
11 48 0 0.00906099
11 49 0 0.00149671
11 50 0 0.0113364
11 51 0 0.0113364
11 52 0 0.0113364
11 53 0 0.0113364
11 54 0 0.0113364
11 55 0 0.0113364
11 56 0 0.0113364
11 57 0 0.0113364
11 58 0 0.00796997
11 59 0 0.0113364
11 60 0 0.00118241
11 61 0 0.00379498
11 62 0 0.00285741
11 63 0 0.000534193
11 64 0 0.00138287
11 65 0 0.0113364
11 66 0 0.00546803
11 67 0 0.00369333
11 68 0 0.0113364
11 69 0 0.00843337
11 70 0 0.00418082
11 71 0 0.00609553
11 72 0 0.00986167
11 73 0 0.0113364
11 74 0 0.0113364
11 75 0 0.00397573
11 76 0 0.0100944
11 77 0 0.0113364
11 78 0 0.0113364
11 79 0 0.0113364
11 80 0 0.0113364
11 81 0 0.00649372
11 82 0 0.0113364
11 83 0 0.0113364
11 84 0 0.0113364
11 85 0 0.0113364
11 86 0 0.0113364
11 87 0 0.00586316
11 88 0 0.0105206
11 89 0 0.00783938
11 90 0 0.00783938
11 91 0 0.00783938
11 92 0 0.00783938
11 93 0 0.00783938
11 94 0 0.00183686
11 95 0 0.00194555
11 96 0 0.00057934
11 97 0 0.000420067
12 13 0 0.00796997
12 14 0 0.0113364
12 15 0 0.0113364
12 16 0 0.0113364
12 17 0 0.0113364
12 18 0 0.0100364
12 19 0 0.0113364
12 20 0 0.0113364
12 21 0 0.0113364
12 22 0 0.0113364
12 23 0 0.00266981
12 24 0 0.0113364
12 25 0 0.00102467
12 26 0 0.00427017
12 27 0 0.0113364
12 28 0 0.00216195
12 29 0 0.00142947
12 30 0 0.0025772
12 31 0 0.0113364
12 32 0 0.00136543
12 33 0 0.00174355
12 34 0 0.0046417
12 35 0 0.0113364
12 36 0 0.00272387
12 37 0 0.0104854
12 38 0 0.00473123
12 39 0 0.0113364
12 40 0 0.0113364
12 41 0 0.0113364
12 42 0 0.0113364
12 43 0 0.0113364
12 44 0 0.0113364
12 45 0 0.0113364
12 46 0 0.00647742
12 47 0 0.00686408
12 48 0 0.00906099
12 49 0 0.00149671
12 50 0 0.0113364
12 51 0 0.0113364
12 52 0 0.0113364
12 53 0 0.0113364
12 54 0 0.0113364
12 55 0 0.0113364
12 56 0 0.0113364
12 57 0 0.0113364
12 58 0 0.00796997
12 59 0 0.0113364
12 60 0 0.00118241
12 61 0 0.00379498
12 62 0 0.00285741
12 63 0 0.000534193
12 64 0 0.00138287
12 65 0 0.0113364
12 66 0 0.00546803
12 67 0 0.00369333
12 68 0 0.0113364
12 69 0 0.00843337
12 70 0 0.00418082
12 71 0 0.00609553
12 72 0 0.00986167
12 73 0 0.0113364
12 74 0 0.0113364
12 75 0 0.00397573
12 76 0 0.0100944
12 77 0 0.0113364
12 78 0 0.0113364
12 79 0 0.0113364
12 80 0 0.0113364
12 81 0 0.00649372
12 82 0 0.0113364
12 83 0 0.0113364
12 84 0 0.0113364
12 85 0 0.0113364
12 86 0 0.0113364
12 87 0 0.00586316
12 88 0 0.0105206
12 89 0 0.00783938
12 90 0 0.00783938
12 91 0 0.00783938
12 92 0 0.00783938
12 93 0 0.00783938
12 94 0 0.00183686
12 95 0 0.00194555
12 96 0 0.00057934
12 97 0 0.000420067
13 14 0 0.00796997
13 15 0 0.00796997
13 16 0 0.00796997
13 17 0 0.00796997
13 18 1.17901e-05 0.00806478
13 19 0 0.00796997
13 20 0 0.00796997
13 21 0 0.00796997
13 22 0 0.00796997
13 23 0.00147015 0.00112528
13 24 0 0.00796997
13 25 0.00524649 0.0046637
13 26 0.00139954 0.00787124
13 27 0 0.00796997
13 28 0.00163272 0.00462595
13 29 0.0046543 0.00574581
13 30 0.0132821 0.014119
13 31 0 0.00796997
13 32 0.0168749 0.0504543
13 33 0.00484006 0.0164294
13 34 0.012941 0.0211134
13 35 0 0.00796997
13 36 0.00112574 0.00703485
13 37 6.15672e-06 0.0082297
13 38 0.00026433 0.00171197
13 39 0 0.00796997
13 40 0 0.00796997
13 41 0 0.00796997
13 42 0 0.00796997
13 43 0 0.00796997
13 44 0 0.00796997
13 45 0 0.00796997
13 46 5.55298e-05 0.00531608
13 47 0.000683135 0.00523456
13 48 2.41665e-05 0.00137625
13 49 0.022286 0.0348363
13 50 0 0.00796997
13 51 0 0.00796997
13 52 0 0.00796997
13 53 0 0.00796997
13 54 0 0.00796997
13 55 0 0.00796997
13 56 0 0.00796997
13 57 0 0.00796997
13 58 0.0255144 0.10542
13 59 0 0.00796997
13 60 0.0255144 0.0199977
13 61 0.000553128 0.000958628
13 62 0.000460358 0.00214442
13 63 0.00121425 0.000694171
13 64 0.00219617 0.00166221
13 65 0 0.00796997
13 66 0.000700412 0.00827432
13 67 0.000494762 0.00173778
13 68 0 0.00796997
13 69 5.07898e-05 0.0024754
13 70 0.000487784 0.00167531
13 71 0.000199041 0.00156034
13 72 6.50967e-06 0.00606075
13 73 0 0.00796997
13 74 0 0.00796997
13 75 0.000541788 0.00244304
13 76 6.22706e-06 0.00755065
13 77 0 0.00796997
13 78 0 0.00796997
13 79 0 0.00796997
13 80 0 0.00796997
13 81 0.00039013 0.00473021
13 82 0 0.00796997
13 83 0 0.00796997
13 84 0 0.00796997
13 85 0 0.00796997
13 86 0 0.00796997
13 87 0.0255144 0.101831
13 88 6.25565e-06 0.00773185
13 89 3.75125e-05 0.00510196
13 90 3.75125e-05 0.00510196
13 91 3.75125e-05 0.00510196
13 92 3.75125e-05 0.00510196
13 93 3.75125e-05 0.00510196
13 94 0.0126931 0.0179541
13 95 0.00355006 0.000975781
13 96 0.00462038 0.00378433
13 97 0.0255144 0.0370426
14 15 0 0.0113364
14 16 0 0.0113364
14 17 0 0.0113364
14 18 0 0.0100364
14 19 0 0.0113364
14 20 0 0.0113364
14 21 0 0.0113364
14 22 0 0.0113364
14 23 0 0.00266981
14 24 0 0.0113364
14 25 0 0.00102467
14 26 0 0.00427017
14 27 0 0.0113364
14 28 0 0.00216195
14 29 0 0.00142947
14 30 0 0.0025772
14 31 0 0.0113364
14 32 0 0.00136543
14 33 0 0.00174355
14 34 0 0.0046417
14 35 0 0.0113364
14 36 0 0.00272387
14 37 0 0.0104854
14 38 0 0.00473123
14 39 0 0.0113364
14 40 0 0.0113364
14 41 0 0.0113364
14 42 0 0.0113364
14 43 0 0.0113364
14 44 0 0.0113364
14 45 0 0.0113364
14 46 0 0.00647742
14 47 0 0.00686408
14 48 0 0.00906099
14 49 0 0.00149671
14 50 0 0.0113364
14 51 0 0.0113364
14 52 0 0.0113364
14 53 0 0.0113364
14 54 0 0.0113364
14 55 0 0.0113364
14 56 0 0.0113364
14 57 0 0.0113364
14 58 0 0.00796997
14 59 0 0.0113364
14 60 0 0.00118241
14 61 0 0.00379498
14 62 0 0.00285741
14 63 0 0.000534193
14 64 0 0.00138287
14 65 0 0.0113364
14 66 0 0.00546803
14 67 0 0.00369333
14 68 0 0.0113364
14 69 0 0.00843337
14 70 0 0.00418082
14 71 0 0.00609553
14 72 0 0.00986167
14 73 0 0.0113364
14 74 0 0.0113364
14 75 0 0.00397573
14 76 0 0.0100944
14 77 0 0.0113364
14 78 0 0.0113364
14 79 0 0.0113364
14 80 0 0.0113364
14 81 0 0.00649372
14 82 0 0.0113364
14 83 0 0.0113364
14 84 0 0.0113364
14 85 0 0.0113364
14 86 0 0.0113364
14 87 0 0.00586316
14 88 0 0.0105206
14 89 0 0.00783938
14 90 0 0.00783938
14 91 0 0.00783938
14 92 0 0.00783938
14 93 0 0.00783938
14 94 0 0.00183686
14 95 0 0.00194555
14 96 0 0.00057934
14 97 0 0.000420067
15 16 0 0.0113364
15 17 0 0.0113364
15 18 0 0.0100364
15 19 0 0.0113364
15 20 0 0.0113364
15 21 0 0.0113364
15 22 0 0.0113364
15 23 0 0.00266981
15 24 0 0.0113364
15 25 0 0.00102467
15 26 0 0.00427017
15 27 0 0.0113364
15 28 0 0.00216195
15 29 0 0.00142947
15 30 0 0.0025772
15 31 0 0.0113364
15 32 0 0.00136543
15 33 0 0.00174355
15 34 0 0.0046417
15 35 0 0.0113364
15 36 0 0.00272387
15 37 0 0.0104854
15 38 0 0.00473123
15 39 0 0.0113364
15 40 0 0.0113364
15 41 0 0.0113364
15 42 0 0.0113364
15 43 0 0.0113364
15 44 0 0.0113364
15 45 0 0.0113364
15 46 0 0.00647742
15 47 0 0.00686408
15 48 0 0.00906099
15 49 0 0.00149671
15 50 0 0.0113364
15 51 0 0.0113364
15 52 0 0.0113364
15 53 0 0.0113364
15 54 0 0.0113364
15 55 0 0.0113364
15 56 0 0.0113364
15 57 0 0.0113364
15 58 0 0.00796997
15 59 0 0.0113364
15 60 0 0.00118241
15 61 0 0.00379498
15 62 0 0.00285741
15 63 0 0.000534193
15 64 0 0.00138287
15 65 0 0.0113364
15 66 0 0.00546803
15 67 0 0.00369333
15 68 0 0.0113364
15 69 0 0.00843337
15 70 0 0.00418082
15 71 0 0.00609553
15 72 0 0.00986167
15 73 0 0.0113364
15 74 0 0.0113364
15 75 0 0.00397573
15 76 0 0.0100944
15 77 0 0.0113364
15 78 0 0.0113364
15 79 0 0.0113364
15 80 0 0.0113364
15 81 0 0.00649372
15 82 0 0.0113364
15 83 0 0.0113364
15 84 0 0.0113364
15 85 0 0.0113364
15 86 0 0.0113364
15 87 0 0.00586316
15 88 0 0.0105206
15 89 0 0.00783938
15 90 0 0.00783938
15 91 0 0.00783938
15 92 0 0.00783938
15 93 0 0.00783938
15 94 0 0.00183686
15 95 0 0.00194555
15 96 0 0.00057934
15 97 0 0.000420067
16 17 0 0.0113364
16 18 0 0.0100364
16 19 0 0.0113364
16 20 0 0.0113364
16 21 0 0.0113364
16 22 0 0.0113364
16 23 0 0.00266981
16 24 0 0.0113364
16 25 0 0.00102467
16 26 0 0.00427017
16 27 0 0.0113364
16 28 0 0.00216195
16 29 0 0.00142947
16 30 0 0.0025772
16 31 0 0.0113364
16 32 0 0.00136543
16 33 0 0.00174355
16 34 0 0.0046417
16 35 0 0.0113364
16 36 0 0.00272387
16 37 0 0.0104854
16 38 0 0.00473123
16 39 0 0.0113364
16 40 0 0.0113364
16 41 0 0.0113364
16 42 0 0.0113364
16 43 0 0.0113364
16 44 0 0.0113364
16 45 0 0.0113364
16 46 0 0.00647742
16 47 0 0.00686408
16 48 0 0.00906099
16 49 0 0.00149671
16 50 0 0.0113364
16 51 0 0.0113364
16 52 0 0.0113364
16 53 0 0.0113364
16 54 0 0.0113364
16 55 0 0.0113364
16 56 0 0.0113364
16 57 0 0.0113364
16 58 0 0.00796997
16 59 0 0.0113364
16 60 0 0.00118241
16 61 0 0.00379498
16 62 0 0.00285741
16 63 0 0.000534193
16 64 0 0.00138287
16 65 0 0.0113364
16 66 0 0.00546803
16 67 0 0.00369333
16 68 0 0.0113364
16 69 0 0.00843337
16 70 0 0.00418082
16 71 0 0.00609553
16 72 0 0.00986167
16 73 0 0.0113364
16 74 0 0.0113364
16 75 0 0.00397573
16 76 0 0.0100944
16 77 0 0.0113364
16 78 0 0.0113364
16 79 0 0.0113364
16 80 0 0.0113364
16 81 0 0.00649372
16 82 0 0.0113364
16 83 0 0.0113364
16 84 0 0.0113364
16 85 0 0.0113364
16 86 0 0.0113364
16 87 0 0.00586316
16 88 0 0.0105206
16 89 0 0.00783938
16 90 0 0.00783938
16 91 0 0.00783938
16 92 0 0.00783938
16 93 0 0.00783938
16 94 0 0.00183686
16 95 0 0.00194555
16 96 0 0.00057934
16 97 0 0.000420067
17 18 0 0.0100364
17 19 0 0.0113364
17 20 0 0.0113364
17 21 0 0.0113364
17 22 0 0.0113364
17 23 0 0.00266981
17 24 0 0.0113364
17 25 0 0.00102467
17 26 0 0.00427017
17 27 0 0.0113364
17 28 0 0.00216195
17 29 0 0.00142947
17 30 0 0.0025772
17 31 0 0.0113364
17 32 0 0.00136543
17 33 0 0.00174355
17 34 0 0.0046417
17 35 0 0.0113364
17 36 0 0.00272387
17 37 0 0.0104854
17 38 0 0.00473123
17 39 0 0.0113364
17 40 0 0.0113364
17 41 0 0.0113364
17 42 0 0.0113364
17 43 0 0.0113364
17 44 0 0.0113364
17 45 0 0.0113364
17 46 0 0.00647742
17 47 0 0.00686408
17 48 0 0.00906099
17 49 0 0.00149671
17 50 0 0.0113364
17 51 0 0.0113364
17 52 0 0.0113364
17 53 0 0.0113364
17 54 0 0.0113364
17 55 0 0.0113364
17 56 0 0.0113364
17 57 0 0.0113364
17 58 0 0.00796997
17 59 0 0.0113364
17 60 0 0.00118241
17 61 0 0.00379498
17 62 0 0.00285741
17 63 0 0.000534193
17 64 0 0.00138287
17 65 0 0.0113364
17 66 0 0.00546803
17 67 0 0.00369333
17 68 0 0.0113364
17 69 0 0.00843337
17 70 0 0.00418082
17 71 0 0.00609553
17 72 0 0.00986167
17 73 0 0.0113364
17 74 0 0.0113364
17 75 0 0.00397573
17 76 0 0.0100944
17 77 0 0.0113364
17 78 0 0.0113364
17 79 0 0.0113364
17 80 0 0.0113364
17 81 0 0.00649372
17 82 0 0.0113364
17 83 0 0.0113364
17 84 0 0.0113364
17 85 0 0.0113364
17 86 0 0.0113364
17 87 0 0.00586316
17 88 0 0.0105206
17 89 0 0.00783938
17 90 0 0.00783938
17 91 0 0.00783938
17 92 0 0.00783938
17 93 0 0.00783938
17 94 0 0.00183686
17 95 0 0.00194555
17 96 0 0.00057934
17 97 0 0.000420067
18 19 0 0.0100364
18 20 0 0.0100364
18 21 0 0.0100364
18 22 0 0.0100364
18 23 0.00113614 0.00173608
18 24 0 0.0100364
18 25 0.00398056 0.0127211
18 26 0.00108157 0.00331175
18 27 0 0.0100364
18 28 0.00126175 0.00159364
18 29 0.00168594 0.00162837
18 30 0.000179254 0.00198104
18 31 0 0.0100364
18 32 0.000460193 0.000804652
18 33 0.0044009 0.0316798
18 34 0.000117123 0.00628739
18 35 0 0.0100364
18 36 0.000869997 0.00255614
18 37 4.75838e-06 0.00833106
18 38 0.000204291 0.00555054
18 39 0 0.0100364
18 40 0 0.0100364
18 41 0 0.0100364
18 42 0 0.0100364
18 43 0 0.0100364
18 44 0 0.0100364
18 45 0 0.0100364
18 46 4.29175e-05 0.00555761
18 47 0.000527957 0.00687096
18 48 1.86777e-05 0.00808364
18 49 0.00130989 0.00234654
18 50 0 0.0100364
18 51 0 0.0100364
18 52 0 0.0100364
18 53 0 0.0100364
18 54 0 0.0100364
18 55 0 0.0100364
18 56 0 0.0100364
18 57 0 0.0100364
18 58 1.17901e-05 0.00806478
18 59 0 0.0100364
18 60 0.00206859 0.00140895
18 61 0.000427485 0.00315758
18 62 0.00035579 0.0033016
18 63 0.000938395 0.000234959
18 64 0.00169711 0.00240041
18 65 0 0.0100364
18 66 0.000541308 0.00304749
18 67 0.000382378 0.0026189
18 68 0 0.0100364
18 69 3.9254e-05 0.00658076
18 70 0.000376985 0.00353995
18 71 0.000153832 0.00654579
18 72 5.03116e-06 0.00826366
18 73 0 0.0100364
18 74 0 0.0100364
18 75 0.000418721 0.00155817
18 76 4.81274e-06 0.00897999
18 77 0 0.0100364
18 78 0 0.0100364
18 79 0 0.0100364
18 80 0 0.0100364
18 81 0.000301515 0.00589607
18 82 0 0.0100364
18 83 0 0.0100364
18 84 0 0.0100364
18 85 0 0.0100364
18 86 0 0.0100364
18 87 5.04838e-05 0.0061309
18 88 4.83484e-06 0.00934813
18 89 2.89924e-05 0.00732797
18 90 2.89924e-05 0.00732797
18 91 2.89924e-05 0.00732797
18 92 2.89924e-05 0.00732797
18 93 2.89924e-05 0.00732797
18 94 0.00147873 0.00185707
18 95 0.00304136 0.00123681
18 96 0.00422673 0.0101415
18 97 0.000736778 0.0014649
19 20 0 0.0113364
19 21 0 0.0113364
19 22 0 0.0113364
19 23 0 0.00266981
19 24 0 0.0113364
19 25 0 0.00102467
19 26 0 0.00427017
19 27 0 0.0113364
19 28 0 0.00216195
19 29 0 0.00142947
19 30 0 0.0025772
19 31 0 0.0113364
19 32 0 0.00136543
19 33 0 0.00174355
19 34 0 0.0046417
19 35 0 0.0113364
19 36 0 0.00272387
19 37 0 0.0104854
19 38 0 0.00473123
19 39 0 0.0113364
19 40 0 0.0113364
19 41 0 0.0113364
19 42 0 0.0113364
19 43 0 0.0113364
19 44 0 0.0113364
19 45 0 0.0113364
19 46 0 0.00647742
19 47 0 0.00686408
19 48 0 0.00906099
19 49 0 0.00149671
19 50 0 0.0113364
19 51 0 0.0113364
19 52 0 0.0113364
19 53 0 0.0113364
19 54 0 0.0113364
19 55 0 0.0113364
19 56 0 0.0113364
19 57 0 0.0113364
19 58 0 0.00796997
19 59 0 0.0113364
19 60 0 0.00118241
19 61 0 0.00379498
19 62 0 0.00285741
19 63 0 0.000534193
19 64 0 0.00138287
19 65 0 0.0113364
19 66 0 0.00546803
19 67 0 0.00369333
19 68 0 0.0113364
19 69 0 0.00843337
19 70 0 0.00418082
19 71 0 0.00609553
19 72 0 0.00986167
19 73 0 0.0113364
19 74 0 0.0113364
19 75 0 0.00397573
19 76 0 0.0100944
19 77 0 0.0113364
19 78 0 0.0113364
19 79 0 0.0113364
19 80 0 0.0113364
19 81 0 0.00649372
19 82 0 0.0113364
19 83 0 0.0113364
19 84 0 0.0113364
19 85 0 0.0113364
19 86 0 0.0113364
19 87 0 0.00586316
19 88 0 0.0105206
19 89 0 0.00783938
19 90 0 0.00783938
19 91 0 0.00783938
19 92 0 0.00783938
19 93 0 0.00783938
19 94 0 0.00183686
19 95 0 0.00194555
19 96 0 0.00057934
19 97 0 0.000420067
20 21 0 0.0113364
20 22 0 0.0113364
20 23 0 0.00266981
20 24 0 0.0113364
20 25 0 0.00102467
20 26 0 0.00427017
20 27 0 0.0113364
20 28 0 0.00216195
20 29 0 0.00142947
20 30 0 0.0025772
20 31 0 0.0113364
20 32 0 0.00136543
20 33 0 0.00174355
20 34 0 0.0046417
20 35 0 0.0113364
20 36 0 0.00272387
20 37 0 0.0104854
20 38 0 0.00473123
20 39 0 0.0113364
20 40 0 0.0113364
20 41 0 0.0113364
20 42 0 0.0113364
20 43 0 0.0113364
20 44 0 0.0113364
20 45 0 0.0113364
20 46 0 0.00647742
20 47 0 0.00686408
20 48 0 0.00906099
20 49 0 0.00149671
20 50 0 0.0113364
20 51 0 0.0113364
20 52 0 0.0113364
20 53 0 0.0113364
20 54 0 0.0113364
20 55 0 0.0113364
20 56 0 0.0113364
20 57 0 0.0113364
20 58 0 0.00796997
20 59 0 0.0113364
20 60 0 0.00118241
20 61 0 0.00379498
20 62 0 0.00285741
20 63 0 0.000534193
20 64 0 0.00138287
20 65 0 0.0113364
20 66 0 0.00546803
20 67 0 0.00369333
20 68 0 0.0113364
20 69 0 0.00843337
20 70 0 0.00418082
20 71 0 0.00609553
20 72 0 0.00986167
20 73 0 0.0113364
20 74 0 0.0113364
20 75 0 0.00397573
20 76 0 0.0100944
20 77 0 0.0113364
20 78 0 0.0113364
20 79 0 0.0113364
20 80 0 0.0113364
20 81 0 0.00649372
20 82 0 0.0113364
20 83 0 0.0113364
20 84 0 0.0113364
20 85 0 0.0113364
20 86 0 0.0113364
20 87 0 0.00586316
20 88 0 0.0105206
20 89 0 0.00783938
20 90 0 0.00783938
20 91 0 0.00783938
20 92 0 0.00783938
20 93 0 0.00783938
20 94 0 0.00183686
20 95 0 0.00194556
20 96 0 0.00057934
20 97 0 0.000420067
21 22 0 0.0113364
21 23 0 0.00266981
21 24 0 0.0113364
21 25 0 0.00102467
21 26 0 0.00427017
21 27 0 0.0113364
21 28 0 0.00216195
21 29 0 0.00142947
21 30 0 0.0025772
21 31 0 0.0113364
21 32 0 0.00136543
21 33 0 0.00174355
21 34 0 0.0046417
21 35 0 0.0113364
21 36 0 0.00272387
21 37 0 0.0104854
21 38 0 0.00473123
21 39 0 0.0113364
21 40 0 0.0113364
21 41 0 0.0113364
21 42 0 0.0113364
21 43 0 0.0113364
21 44 0 0.0113364
21 45 0 0.0113364
21 46 0 0.00647742
21 47 0 0.00686408
21 48 0 0.00906099
21 49 0 0.00149671
21 50 0 0.0113364
21 51 0 0.0113364
21 52 0 0.0113364
21 53 0 0.0113364
21 54 0 0.0113364
21 55 0 0.0113364
21 56 0 0.0113364
21 57 0 0.0113364
21 58 0 0.00796997
21 59 0 0.0113364
21 60 0 0.00118241
21 61 0 0.00379498
21 62 0 0.00285741
21 63 0 0.000534193
21 64 0 0.00138287
21 65 0 0.0113364
21 66 0 0.00546803
21 67 0 0.00369333
21 68 0 0.0113364
21 69 0 0.00843337
21 70 0 0.00418082
21 71 0 0.00609553
21 72 0 0.00986167
21 73 0 0.0113364
21 74 0 0.0113364
21 75 0 0.00397573
21 76 0 0.0100944
21 77 0 0.0113364
21 78 0 0.0113364
21 79 0 0.0113364
21 80 0 0.0113364
21 81 0 0.00649372
21 82 0 0.0113364
21 83 0 0.0113364
21 84 0 0.0113364
21 85 0 0.0113364
21 86 0 0.0113364
21 87 0 0.00586316
21 88 0 0.0105206
21 89 0 0.00783938
21 90 0 0.00783938
21 91 0 0.00783938
21 92 0 0.00783938
21 93 0 0.00783938
21 94 0 0.00183686
21 95 0 0.00194555
21 96 0 0.00057934
21 97 0 0.000420067
22 23 0 0.00266981
22 24 0 0.0113364
22 25 0 0.00102467
22 26 0 0.00427017
22 27 0 0.0113364
22 28 0 0.00216195
22 29 0 0.00142947
22 30 0 0.0025772
22 31 0 0.0113364
22 32 0 0.00136543
22 33 0 0.00174355
22 34 0 0.0046417
22 35 0 0.0113364
22 36 0 0.00272387
22 37 0 0.0104854
22 38 0 0.00473123
22 39 0 0.0113364
22 40 0 0.0113364
22 41 0 0.0113364
22 42 0 0.0113364
22 43 0 0.0113364
22 44 0 0.0113364
22 45 0 0.0113364
22 46 0 0.00647742
22 47 0 0.00686408
22 48 0 0.00906099
22 49 0 0.00149671
22 50 0 0.0113364
22 51 0 0.0113364
22 52 0 0.0113364
22 53 0 0.0113364
22 54 0 0.0113364
22 55 0 0.0113364
22 56 0 0.0113364
22 57 0 0.0113364
22 58 0 0.00796997
22 59 0 0.0113364
22 60 0 0.00118241
22 61 0 0.00379498
22 62 0 0.00285741
22 63 0 0.000534193
22 64 0 0.00138287
22 65 0 0.0113364
22 66 0 0.00546803
22 67 0 0.00369333
22 68 0 0.0113364
22 69 0 0.00843337
22 70 0 0.00418082
22 71 0 0.00609553
22 72 0 0.00986167
22 73 0 0.0113364
22 74 0 0.0113364
22 75 0 0.00397573
22 76 0 0.0100944
22 77 0 0.0113364
22 78 0 0.0113364
22 79 0 0.0113364
22 80 0 0.0113364
22 81 0 0.00649372
22 82 0 0.0113364
22 83 0 0.0113364
22 84 0 0.0113364
22 85 0 0.0113364
22 86 0 0.0113364
22 87 0 0.00586316
22 88 0 0.0105206
22 89 0 0.00783938
22 90 0 0.00783938
22 91 0 0.00783938
22 92 0 0.00783938
22 93 0 0.00783938
22 94 0 0.00183686
22 95 0 0.00194555
22 96 0 0.00057934
22 97 0 0.000420067
23 24 0 0.00266981
23 25 0.48911 0.15938
23 26 0.330217 0.130007
23 27 0 0.00266981
23 28 0.338092 0.0160226
23 29 0.360825 0.10797
23 30 0.0591959 0.030824
23 31 0 0.00266981
23 32 0.0516975 0.100646
23 33 0.328779 0.247993
23 34 0.0500708 0.0191359
23 35 0 0.00266981
23 36 0.0164204 0.000629842
23 37 0.000593195 0.00116069
23 38 0.0268162 0.0838271
23 39 0 0.00266981
23 40 0 0.00266981
23 41 0 0.00266981
23 42 0 0.00266981
23 43 0 0.00266981
23 44 0 0.00266981
23 45 0 0.00266981
23 46 0.0204083 0.204378
23 47 0.277153 0.0109006
23 48 0.00232956 0.0118479
23 49 0.219099 0.023204
23 50 0 0.00266981
23 51 0 0.00266981
23 52 0 0.00266981
23 53 0 0.00266981
23 54 0 0.00266981
23 55 0 0.00266981
23 56 0 0.00266981
23 57 0 0.00266981
23 58 0.00147015 0.00112528
23 59 0 0.00266981
23 60 0.293212 0.106178
23 61 0.0280381 0.0734571
23 62 0.0916829 0.0582049
23 63 0.216633 0.13972
23 64 0.160877 0.0486149
23 65 0 0.00266981
23 66 0.0292849 0.00356493
23 67 0.0483485 0.12943
23 68 0 0.00266981
23 69 0.00489953 0.0306052
23 70 0.0476564 0.118112
23 71 0.0915631 0.05642
23 72 0.000627207 0.00182844
23 73 0 0.00266981
23 74 0 0.00266981
23 75 0.0493286 0.0108918
23 76 0.00419558 0.0155374
23 77 0 0.00266981
23 78 0 0.00266981
23 79 0 0.00266981
23 80 0 0.00266981
23 81 0.0413806 0.00757607
23 82 0 0.00266981
23 83 0 0.00266981
23 84 0 0.00266981
23 85 0 0.00266981
23 86 0 0.00266981
23 87 0.00630371 0.0171609
23 88 0.00421491 0.00871363
23 89 0.00361739 0.0269167
23 90 0.00361739 0.0269167
23 91 0.00361739 0.0269167
23 92 0.00361739 0.0269167
23 93 0.00361739 0.0269167
23 94 0.350818 0.0679888
23 95 0.231303 0.0307095
23 96 0.326099 0.0898289
23 97 0.091614 0.117904
24 25 0 0.00102467
24 26 0 0.00427017
24 27 0 0.0113364
24 28 0 0.00216195
24 29 0 0.00142947
24 30 0 0.0025772
24 31 0 0.0113364
24 32 0 0.00136543
24 33 0 0.00174355
24 34 0 0.0046417
24 35 0 0.0113364
24 36 0 0.00272387
24 37 0 0.0104854
24 38 0 0.00473123
24 39 0 0.0113364
24 40 0 0.0113364
24 41 0 0.0113364
24 42 0 0.0113364
24 43 0 0.0113364
24 44 0 0.0113364
24 45 0 0.0113364
24 46 0 0.00647742
24 47 0 0.00686408
24 48 0 0.00906099
24 49 0 0.00149671
24 50 0 0.0113364
24 51 0 0.0113364
24 52 0 0.0113364
24 53 0 0.0113364
24 54 0 0.0113364
24 55 0 0.0113364
24 56 0 0.0113364
24 57 0 0.0113364
24 58 0 0.00796997
24 59 0 0.0113364
24 60 0 0.00118241
24 61 0 0.00379498
24 62 0 0.00285741
24 63 0 0.000534193
24 64 0 0.00138287
24 65 0 0.0113364
24 66 0 0.00546803
24 67 0 0.00369333
24 68 0 0.0113364
24 69 0 0.00843337
24 70 0 0.00418082
24 71 0 0.00609553
24 72 0 0.00986167
24 73 0 0.0113364
24 74 0 0.0113364
24 75 0 0.00397573
24 76 0 0.0100944
24 77 0 0.0113364
24 78 0 0.0113364
24 79 0 0.0113364
24 80 0 0.0113364
24 81 0 0.00649372
24 82 0 0.0113364
24 83 0 0.0113364
24 84 0 0.0113364
24 85 0 0.0113364
24 86 0 0.0113364
24 87 0 0.00586316
24 88 0 0.0105206
24 89 0 0.00783938
24 90 0 0.00783938
24 91 0 0.00783938
24 92 0 0.00783938
24 93 0 0.00783938
24 94 0 0.00183686
24 95 0 0.00194555
24 96 0 0.00057934
24 97 0 0.000420067
25 26 0.524861 0.12844
25 27 0 0.00102467
25 28 0.731365 0.147036
25 29 0.912891 0.371719
25 30 0.113964 0.10673
25 31 0 0.00102467
25 32 0.421438 0.136872
25 33 0.882542 0.452588
25 34 0.0835389 0.0242682
25 35 0 0.00102467
25 36 0.285151 0.0273736
25 37 0.00207702 0.00267684
25 38 0.0525512 0.0977646
25 39 0 0.00102467
25 40 0 0.00102467
25 41 0 0.00102467
25 42 0 0.00102467
25 43 0 0.00102467
25 44 0 0.00102467
25 45 0 0.00102467
25 46 0.00976631 0.0118128
25 47 0.264131 0.0121909
25 48 0.0046692 0.0204898
25 49 0.553985 0.0873754
25 50 0 0.00102467
25 51 0 0.00102467
25 52 0 0.00102467
25 53 0 0.00102467
25 54 0 0.00102467
25 55 0 0.00102467
25 56 0 0.00102467
25 57 0 0.00102467
25 58 0.00524649 0.0046637
25 59 0 0.00102467
25 60 0.645782 0.0870119
25 61 0.307607 0.07003
25 62 0.147465 0.0277398
25 63 0.387208 0.087231
25 64 0.557064 0.0310246
25 65 0 0.00102467
25 66 0.105261 0.0129345
25 67 0.298778 0.0402971
25 68 0 0.00102467
25 69 0.0175574 0.0484071
25 70 0.296898 0.0375509
25 71 0.164718 0.12104
25 72 0.00223605 0.00203719
25 73 0 0.00102467
25 74 0 0.00102467
25 75 0.168523 0.0307408
25 76 0.00189188 0.00110554
25 77 0 0.00102467
25 78 0 0.00102467
25 79 0 0.00102467
25 80 0 0.00102467
25 81 0.304371 0.0795415
25 82 0 0.00102467
25 83 0 0.00102467
25 84 0 0.00102467
25 85 0 0.00102467
25 86 0 0.00102467
25 87 0.0626532 0.0448018
25 88 0.00190057 0.00147967
25 89 0.0129427 0.00845263
25 90 0.0129427 0.00845263
25 91 0.0129427 0.00845263
25 92 0.0129427 0.00845263
25 93 0.0129427 0.00845263
25 94 0.720667 0.146181
25 95 0.770909 0.145484
25 96 0.955254 0.373731
25 97 0.471252 0.165314
26 27 0 0.00427017
26 28 0.420012 0.226815
26 29 0.514593 0.263249
26 30 0.0130821 0.00368871
26 31 0 0.00427017
26 32 0.0631139 0.225089
26 33 0.360788 0.245714
26 34 0.0129902 0.00218285
26 35 0 0.00427017
26 36 0.022058 0.00129329
26 37 0.000564711 0.00353305
26 38 0.0244117 0.0281346
26 39 0 0.00427017
26 40 0 0.00427017
26 41 0 0.00427017
26 42 0 0.00427017
26 43 0 0.00427017
26 44 0 0.00427017
26 45 0 0.00427017
26 46 0.00509984 0.00763738
26 47 0.227447 0.00296535
26 48 0.00221764 0.015923
26 49 0.224703 0.105156
26 50 0 0.00427017
26 51 0 0.00427017
26 52 0 0.00427017
26 53 0 0.00427017
26 54 0 0.00427017
26 55 0 0.00427017
26 56 0 0.00427017
26 57 0 0.00427017
26 58 0.00139954 0.00787124
26 59 0 0.00427017
26 60 0.388505 0.292086
26 61 0.00849589 0.0261675
26 62 0.0765332 0.0119661
26 63 0.129571 0.0174891
26 64 0.199748 0.0355267
26 65 0 0.00427017
26 66 0.0135803 0.00159491
26 67 0.00377548 0.0132109
26 68 0 0.00427017
26 69 0.0142379 0.0178124
26 70 0.00318128 0.0120155
26 71 0.0367279 0.0567313
26 72 0.00059709 0.00356194
26 73 0 0.00427017
26 74 0 0.00427017
26 75 0.0472132 0.0395172
26 76 0.000571164 0.00276453
26 77 0 0.00427017
26 78 0 0.00427017
26 79 0 0.00427017
26 80 0 0.00427017
26 81 0.0361561 0.14888
26 82 0 0.00427017
26 83 0 0.00427017
26 84 0 0.00427017
26 85 0 0.00427017
26 86 0 0.00427017
26 87 0.0167697 0.0185958
26 88 0.000573786 0.00368245
26 89 0.0115819 0.00713144
26 90 0.0115819 0.00713144
26 91 0.0115819 0.00713144
26 92 0.0115819 0.00713144
26 93 0.0115819 0.00713144
26 94 0.363269 0.106306
26 95 0.35045 0.0417924
26 96 0.384401 0.136713
26 97 0.0293527 0.0698922
27 28 0 0.00216195
27 29 0 0.00142947
27 30 0 0.0025772
27 31 0 0.0113364
27 32 0 0.00136543
27 33 0 0.00174355
27 34 0 0.0046417
27 35 0 0.0113364
27 36 0 0.00272387
27 37 0 0.0104854
27 38 0 0.00473123
27 39 0 0.0113364
27 40 0 0.0113364
27 41 0 0.0113364
27 42 0 0.0113364
27 43 0 0.0113364
27 44 0 0.0113364
27 45 0 0.0113364
27 46 0 0.00647742
27 47 0 0.00686408
27 48 0 0.00906099
27 49 0 0.00149671
27 50 0 0.0113364
27 51 0 0.0113364
27 52 0 0.0113364
27 53 0 0.0113364
27 54 0 0.0113364
27 55 0 0.0113364
27 56 0 0.0113364
27 57 0 0.0113364
27 58 0 0.00796997
27 59 0 0.0113364
27 60 0 0.00118241
27 61 0 0.00379498
27 62 0 0.00285741
27 63 0 0.000534193
27 64 0 0.00138287
27 65 0 0.0113364
27 66 0 0.00546803
27 67 0 0.00369333
27 68 0 0.0113364
27 69 0 0.00843337
27 70 0 0.00418082
27 71 0 0.00609553
27 72 0 0.00986167
27 73 0 0.0113364
27 74 0 0.0113364
27 75 0 0.00397573
27 76 0 0.0100944
27 77 0 0.0113364
27 78 0 0.0113364
27 79 0 0.0113364
27 80 0 0.0113364
27 81 0 0.00649372
27 82 0 0.0113364
27 83 0 0.0113364
27 84 0 0.0113364
27 85 0 0.0113364
27 86 0 0.0113364
27 87 0 0.00586316
27 88 0 0.0105206
27 89 0 0.00783938
27 90 0 0.00783938
27 91 0 0.00783938
27 92 0 0.00783938
27 93 0 0.00783938
27 94 0 0.00183686
27 95 0 0.00194555
27 96 0 0.00057934
27 97 0 0.000420067
28 29 0.653661 0.0605567
28 30 0.0208547 0.0521649
28 31 0 0.00216195
28 32 0.341168 0.0596477
28 33 0.472022 0.079611
28 34 0.0114037 0.00511332
28 35 0 0.00216195
28 36 0.164529 0.020082
28 37 0.000658769 0.00170545
28 38 0.0354247 0.00889475
28 39 0 0.00216195
28 40 0 0.00216195
28 41 0 0.00216195
28 42 0 0.00216195
28 43 0 0.00216195
28 44 0 0.00216195
28 45 0 0.00216195
28 46 0.00595074 0.00233002
28 47 0.276248 0.025165
28 48 0.00258724 0.00735955
28 49 0.646792 0.465117
28 50 0 0.00216195
28 51 0 0.00216195
28 52 0 0.00216195
28 53 0 0.00216195
28 54 0 0.00216195
28 55 0 0.00216195
28 56 0 0.00216195
28 57 0 0.00216195
28 58 0.00163272 0.00462595
28 59 0 0.00216195
28 60 0.511945 0.160985
28 61 0.253677 0.102083
28 62 0.100931 0.00970051
28 63 0.138222 0.0309833
28 64 0.422898 0.0872651
28 65 0 0.00216195
28 66 0.0381063 0.00619362
28 67 0.283749 0.0456165
28 68 0 0.00216195
28 69 0.0167066 0.0115643
28 70 0.283287 0.0474446
28 71 0.021427 0.0669527
28 72 0.000696541 0.00153425
28 73 0 0.00216195
28 74 0 0.00216195
28 75 0.0590031 0.00215876
28 76 0.0118545 0.0475763
28 77 0 0.00216195
28 78 0 0.00216195
28 79 0 0.00216195
28 80 0 0.00216195
28 81 0.310961 0.110916
28 82 0 0.00216195
28 83 0 0.00216195
28 84 0 0.00216195
28 85 0 0.00216195
28 86 0 0.00216195
28 87 0.019681 0.0205497
28 88 0.000669356 0.0015296
28 89 0.0135877 0.030029
28 90 0.0135877 0.030029
28 91 0.0135877 0.030029
28 92 0.0135877 0.030029
28 93 0.0135877 0.030029
28 94 0.561033 0.0496969
28 95 0.437412 0.0240182
28 96 0.672831 0.0945643
28 97 0.237912 0.0488529
29 30 0.0671054 0.200121
29 31 0 0.00142947
29 32 0.431076 0.244785
29 33 0.633397 0.208594
29 34 0.0340553 0.0192072
29 35 0 0.00142947
29 36 0.240338 0.0400798
29 37 0.000880176 0.00206075
29 38 0.0314028 0.016724
29 39 0 0.00142947
29 40 0 0.00142947
29 41 0 0.00142947
29 42 0 0.00142947
29 43 0 0.00142947
29 44 0 0.00142947
29 45 0 0.00142947
29 46 0.00795572 0.018028
29 47 0.227714 0.0214969
29 48 0.00302634 0.0112449
29 49 0.46175 0.017915
29 50 0 0.00142947
29 51 0 0.00142947
29 52 0 0.00142947
29 53 0 0.00142947
29 54 0 0.00142947
29 55 0 0.00142947
29 56 0 0.00142947
29 57 0 0.00142947
29 58 0.0046543 0.00574581
29 59 0 0.00142947
29 60 0.578675 0.0801519
29 61 0.293278 0.0750569
29 62 0.116787 0.0319385
29 63 0.304828 0.0373069
29 64 0.541645 0.0821979
29 65 0 0.00142947
29 66 0.0310426 0.0244544
29 67 0.354836 0.132749
29 68 0 0.00142947
29 69 0.055302 0.0672359
29 70 0.354152 0.132508
29 71 0.0627586 0.105907
29 72 0.010184 0.017131
29 73 0 0.00142947
29 74 0 0.00142947
29 75 0.07429 0.00399559
29 76 0.000890235 0.00184402
29 77 0 0.00142947
29 78 0 0.00142947
29 79 0 0.00142947
29 80 0 0.00142947
29 81 0.303644 0.0786515
29 82 0 0.00142947
29 83 0 0.00142947
29 84 0 0.00142947
29 85 0 0.00142947
29 86 0 0.00142947
29 87 0.0560636 0.035726
29 88 0.000894323 0.00211159
29 89 0.0114756 0.00275211
29 90 0.0114756 0.00275211
29 91 0.0114756 0.00275211
29 92 0.0114756 0.00275211
29 93 0.0114756 0.00275211
29 94 0.65771 0.227708
29 95 0.613357 0.163404
29 96 0.60702 0.0612563
29 97 0.273952 0.101619
30 31 0 0.0025772
30 32 0.0549331 0.0828603
30 33 0.0394876 0.0579746
30 34 0.129378 0.483813
30 35 0 0.0025772
30 36 0.0337913 0.026773
30 37 9.3604e-05 0.00165593
30 38 0.00402261 0.00207213
30 39 0 0.0025772
30 40 0 0.0025772
30 41 0 0.0025772
30 42 0 0.0025772
30 43 0 0.0025772
30 44 0 0.0025772
30 45 0 0.0025772
30 46 0.000844401 0.00300165
30 47 0.0212987 0.0390293
30 48 0.0127202 0.0251176
30 49 0.0293393 0.0662275
30 50 0 0.0025772
30 51 0 0.0025772
30 52 0 0.0025772
30 53 0 0.0025772
30 54 0 0.0025772
30 55 0 0.0025772
30 56 0 0.0025772
30 57 0 0.0025772
30 58 0.0132821 0.014119
30 59 0 0.0025772
30 60 0.0437025 0.0455407
30 61 0.0558189 0.0654678
30 62 0.00228589 0.0208932
30 63 0.114473 0.0472849
30 64 0.0172618 0.0104372
30 65 0 0.0025772
30 66 0.0106774 0.00245009
30 67 0.0075361 0.000879786
30 68 0 0.0025772
30 69 0.00702472 0.0115237
30 70 0.00742961 0.000706136
30 71 0.0645365 0.0219039
30 72 0.00637141 0.0184588
30 73 0 0.0025772
30 74 0 0.0025772
30 75 0.0231139 0.0467622
30 76 9.46734e-05 0.00264809
30 77 0 0.0025772
30 78 0 0.0025772
30 79 0 0.0025772
30 80 0 0.0025772
30 81 0.00593993 0.000800832
30 82 0 0.0025772
30 83 0 0.0025772
30 84 0 0.0025772
30 85 0 0.0025772
30 86 0 0.0025772
30 87 0.0139905 0.01565
30 88 9.51081e-05 0.00217847
30 89 0.000570387 0.00117233
30 90 0.000570387 0.00117233
30 91 0.000570387 0.00117233
30 92 0.000570387 0.00117233
30 93 0.000570387 0.00117233
30 94 0.0497639 0.0193629
30 95 0.0927932 0.0555426
30 96 0.0778975 0.055429
30 97 0.072423 0.0267148
31 32 0 0.00136543
31 33 0 0.00174355
31 34 0 0.0046417
31 35 0 0.0113364
31 36 0 0.00272387
31 37 0 0.0104854
31 38 0 0.00473123
31 39 0 0.0113364
31 40 0 0.0113364
31 41 0 0.0113364
31 42 0 0.0113364
31 43 0 0.0113364
31 44 0 0.0113364
31 45 0 0.0113364
31 46 0 0.00647742
31 47 0 0.00686408
31 48 0 0.00906099
31 49 0 0.00149671
31 50 0 0.0113364
31 51 0 0.0113364
31 52 0 0.0113364
31 53 0 0.0113364
31 54 0 0.0113364
31 55 0 0.0113364
31 56 0 0.0113364
31 57 0 0.0113364
31 58 0 0.00796997
31 59 0 0.0113364
31 60 0 0.00118241
31 61 0 0.00379498
31 62 0 0.00285741
31 63 0 0.000534193
31 64 0 0.00138287
31 65 0 0.0113364
31 66 0 0.00546803
31 67 0 0.00369333
31 68 0 0.0113364
31 69 0 0.00843337
31 70 0 0.00418082
31 71 0 0.00609553
31 72 0 0.00986167
31 73 0 0.0113364
31 74 0 0.0113364
31 75 0 0.00397573
31 76 0 0.0100944
31 77 0 0.0113364
31 78 0 0.0113364
31 79 0 0.0113364
31 80 0 0.0113364
31 81 0 0.00649372
31 82 0 0.0113364
31 83 0 0.0113364
31 84 0 0.0113364
31 85 0 0.0113364
31 86 0 0.0113364
31 87 0 0.00586316
31 88 0 0.0105206
31 89 0 0.00783938
31 90 0 0.00783938
31 91 0 0.00783938
31 92 0 0.00783938
31 93 0 0.00783938
31 94 0 0.00183686
31 95 0 0.00194555
31 96 0 0.00057934
31 97 0 0.000420067
32 33 0.178974 0.093167
32 34 0.00947101 0.00355542
32 35 0 0.00136543
32 36 0.182043 0.0168674
32 37 0.000240298 0.000367087
32 38 0.00891383 0.00142255
32 39 0 0.00136543
32 40 0 0.00136543
32 41 0 0.00136543
32 42 0 0.00136543
32 43 0 0.00136543
32 44 0 0.00136543
32 45 0 0.00136543
32 46 0.00216841 0.00502479
32 47 0.0377383 0.015619
32 48 0.000943392 0.0108934
32 49 0.162601 0.0350733
32 50 0 0.00136543
32 51 0 0.00136543
32 52 0 0.00136543
32 53 0 0.00136543
32 54 0 0.00136543
32 55 0 0.00136543
32 56 0 0.00136543
32 57 0 0.00136543
32 58 0.0168749 0.0504543
32 59 0 0.00136543
32 60 0.15594 0.0276066
32 61 0.34793 0.233951
32 62 0.0499894 0.0552701
32 63 0.250772 0.150445
32 64 0.421217 0.110544
32 65 0 0.00136543
32 66 0.0275422 0.0130409
32 67 0.353099 0.19818
32 68 0 0.00136543
32 69 0.0532843 0.0572609
32 70 0.353055 0.21831
32 71 0.0129245 0.00626286
32 72 0.000254074 0.00371506
32 73 0 0.00136543
32 74 0 0.00136543
32 75 0.0212664 0.00753874
32 76 0.000243043 0.00133933
32 77 0 0.00136543
32 78 0 0.00136543
32 79 0 0.00136543
32 80 0 0.00136543
32 81 0.310536 0.0934173
32 82 0 0.00136543
32 83 0 0.00136543
32 84 0 0.00136543
32 85 0 0.00136543
32 86 0 0.00136543
32 87 0.0848359 0.103385
32 88 0.000244159 0.00105064
32 89 0.00146458 0.00114459
32 90 0.00146458 0.00114459
32 91 0.00146458 0.00114459
32 92 0.00146458 0.00114459
32 93 0.00146458 0.00114459
32 94 0.245121 0.0349921
32 95 0.189337 0.0610081
32 96 0.33626 0.0687575
32 97 0.295321 0.0722439
33 34 0.0151173 0.0660848
33 35 0 0.00174355
33 36 0.18325 0.0282941
33 37 0.00874457 0.0118816
33 38 0.143114 0.10939
33 39 0 0.00174355
33 40 0 0.00174355
33 41 0 0.00174355
33 42 0 0.00174355
33 43 0 0.00174355
33 44 0 0.00174355
33 45 0 0.00174355
33 46 0.0515102 0.0550605
33 47 0.172336 0.0212802
33 48 0.00457883 0.0355506
33 49 0.473111 0.0914479
33 50 0 0.00174355
33 51 0 0.00174355
33 52 0 0.00174355
33 53 0 0.00174355
33 54 0 0.00174355
33 55 0 0.00174355
33 56 0 0.00174355
33 57 0 0.00174355
33 58 0.00484006 0.0164294
33 59 0 0.00174355
33 60 0.784631 0.495276
33 61 0.128345 0.0314608
33 62 0.0787314 0.0197681
33 63 0.343381 0.240055
33 64 0.324818 0.0509971
33 65 0 0.00174355
33 66 0.0596032 0.0282491
33 67 0.129216 0.0295897
33 68 0 0.00174355
33 69 0.0173185 0.0105017
33 70 0.120669 0.0170486
33 71 0.0333299 0.00713185
33 72 0.00684124 0.0130449
33 73 0 0.00174355
33 74 0 0.00174355
33 75 0.212284 0.0869748
33 76 0.00884836 0.00887581
33 77 0 0.00174355
33 78 0 0.00174355
33 79 0 0.00174355
33 80 0 0.00174355
33 81 0.0987096 0.0113024
33 82 0 0.00174355
33 83 0 0.00174355
33 84 0 0.00174355
33 85 0 0.00174355
33 86 0 0.00174355
33 87 0.0166364 0.0250498
33 88 0.00504796 0.00519172
33 89 0.0089019 0.0045095
33 90 0.0089019 0.0045095
33 91 0.0089019 0.0045095
33 92 0.0089019 0.0045095
33 93 0.0089019 0.0045095
33 94 0.548224 0.0581666
33 95 0.797098 0.236338
33 96 0.722859 0.303498
33 97 0.171521 0.0962372
34 35 0 0.0046417
34 36 0.0244413 0.00242756
34 37 6.11606e-05 0.00504362
34 38 0.00262742 0.00236964
34 39 0 0.0046417
34 40 0 0.0046417
34 41 0 0.0046417
34 42 0 0.0046417
34 43 0 0.0046417
34 44 0 0.0046417
34 45 0 0.0046417
34 46 0.000551692 0.00791164
34 47 0.0113523 0.00704861
34 48 0.0122744 0.0448591
34 49 0.0195015 0.00598911
34 50 0 0.0046417
34 51 0 0.0046417
34 52 0 0.0046417
34 53 0 0.0046417
34 54 0 0.0046417
34 55 0 0.0046417
34 56 0 0.0046417
34 57 0 0.0046417
34 58 0.012941 0.0211134
34 59 0 0.0046417
34 60 0.0254234 0.00253902
34 61 0.00550192 0.0194088
34 62 2.83059e-05 0.00691408
34 63 0.0511722 0.00823818
34 64 0.0170193 0.00363131
34 65 0 0.0046417
34 66 0.00300741 0.00305107
34 67 0.00492064 0.00110239
34 68 0 0.0046417
34 69 0.000504594 0.00124747
34 70 0.00485115 0.00106972
34 71 0.0580039 0.0150209
34 72 6.46668e-05 0.00153596
34 73 0 0.0046417
34 74 0 0.0046417
34 75 0.00538897 0.0107365
34 76 6.18594e-05 0.00453075
34 77 0 0.0046417
34 78 0 0.0046417
34 79 0 0.0046417
34 80 0 0.0046417
34 81 0.00387903 0.00169598
34 82 0 0.0046417
34 83 0 0.0046417
34 84 0 0.0046417
34 85 0 0.0046417
34 86 0 0.0046417
34 87 0.0133866 0.0164495
34 88 6.21434e-05 0.00412552
34 89 0.000372674 0.00226233
34 90 0.000372674 0.00226233
34 91 0.000372674 0.00226233
34 92 0.000372674 0.00226233
34 93 0.000372674 0.00226233
34 94 0.0449284 0.0691557
34 95 0.029746 0.0230693
34 96 0.0434471 0.0566186
34 97 0.0407098 0.0132405
35 36 0 0.00272387
35 37 0 0.0104854
35 38 0 0.00473123
35 39 0 0.0113364
35 40 0 0.0113364
35 41 0 0.0113364
35 42 0 0.0113364
35 43 0 0.0113364
35 44 0 0.0113364
35 45 0 0.0113364
35 46 0 0.00647742
35 47 0 0.00686408
35 48 0 0.00906099
35 49 0 0.00149671
35 50 0 0.0113364
35 51 0 0.0113364
35 52 0 0.0113364
35 53 0 0.0113364
35 54 0 0.0113364
35 55 0 0.0113364
35 56 0 0.0113364
35 57 0 0.0113364
35 58 0 0.00796997
35 59 0 0.0113364
35 60 0 0.00118241
35 61 0 0.00379498
35 62 0 0.00285741
35 63 0 0.000534193
35 64 0 0.00138287
35 65 0 0.0113364
35 66 0 0.00546803
35 67 0 0.00369333
35 68 0 0.0113364
35 69 0 0.00843337
35 70 0 0.00418082
35 71 0 0.00609553
35 72 0 0.00986167
35 73 0 0.0113364
35 74 0 0.0113364
35 75 0 0.00397573
35 76 0 0.0100944
35 77 0 0.0113364
35 78 0 0.0113364
35 79 0 0.0113364
35 80 0 0.0113364
35 81 0 0.00649372
35 82 0 0.0113364
35 83 0 0.0113364
35 84 0 0.0113364
35 85 0 0.0113364
35 86 0 0.0113364
35 87 0 0.00586316
35 88 0 0.0105206
35 89 0 0.00783938
35 90 0 0.00783938
35 91 0 0.00783938
35 92 0 0.00783938
35 93 0 0.00783938
35 94 0 0.00183686
35 95 0 0.00194555
35 96 0 0.00057934
35 97 0 0.000420067
36 37 0.000454257 0.00273079
36 38 0.0196075 0.00751629
36 39 0 0.00272387
36 40 0 0.00272387
36 41 0 0.00272387
36 42 0 0.00272387
36 43 0 0.00272387
36 44 0 0.00272387
36 45 0 0.00272387
36 46 0.00410121 0.0015422
36 47 0.00656759 0.0543485
36 48 0.00355103 0.0254623
36 49 0.0838459 0.0247326
36 50 0 0.00272387
36 51 0 0.00272387
36 52 0 0.00272387
36 53 0 0.00272387
36 54 0 0.00272387
36 55 0 0.00272387
36 56 0 0.00272387
36 57 0 0.00272387
36 58 0.00112574 0.00703485
36 59 0 0.00272387
36 60 0.160371 0.0296128
36 61 0.164054 0.0799603
36 62 7.77557e-05 0.000697245
36 63 0.18179 0.204737
36 64 0.172556 0.0362387
36 65 0 0.00272387
36 66 0.0453783 0.10408
36 67 0.132933 0.0144814
36 68 0 0.00272387
36 69 0.00375077 0.0181366
36 70 0.132652 0.0215941
36 71 0.0449193 0.00994253
36 72 0.000480302 0.00357188
36 73 0 0.00272387
36 74 0 0.00272387
36 75 0.0372764 0.00377265
36 76 0.000459448 0.00231896
36 77 0 0.00272387
36 78 0 0.00272387
36 79 0 0.00272387
36 80 0 0.00272387
36 81 0.145356 0.0119889
36 82 0 0.00272387
36 83 0 0.00272387
36 84 0 0.00272387
36 85 0 0.00272387
36 86 0 0.00272387
36 87 0.0188921 0.0051817
36 88 0.000461557 0.00237453
36 89 0.0133767 0.0107119
36 90 0.0133767 0.0107119
36 91 0.0133767 0.0107119
36 92 0.0133767 0.0107119
36 93 0.0133767 0.0107119
36 94 0.20866 0.0216695
36 95 0.203829 0.04502
36 96 0.137915 0.0833808
36 97 0.187041 0.0277312
37 38 0.000106678 0.00344521
37 39 0 0.0104854
37 40 0 0.0104854
37 41 0 0.0104854
37 42 0 0.0104854
37 43 0 0.0104854
37 44 0 0.0104854
37 45 0 0.0104854
37 46 2.24112e-05 0.00605528
37 47 0.000275679 0.00553585
37 48 9.75339e-06 0.00846968
37 49 0.000683894 0.00180898
37 50 0 0.0104854
37 51 0 0.0104854
37 52 0 0.0104854
37 53 0 0.0104854
37 54 0 0.0104854
37 55 0 0.0104854
37 56 0 0.0104854
37 57 0 0.0104854
37 58 6.15672e-06 0.0082297
37 59 0 0.0104854
37 60 0.00107987 0.00247435
37 61 0.000223219 0.00161816
37 62 0.000185784 0.0041088
37 63 0.0117386 0.0131002
37 64 0.00184315 0.00326863
37 65 0 0.0104854
37 66 0.00028265 0.00228266
37 67 0.0117386 0.0609957
37 68 0 0.0104854
37 69 2.04982e-05 0.00521295
37 70 0.000196851 0.00238262
37 71 8.03291e-05 0.00464779
37 72 2.62726e-06 0.00818196
37 73 0 0.0104854
37 74 0 0.0104854
37 75 0.000218643 0.00320657
37 76 2.5132e-06 0.00841835
37 77 0 0.0104854
37 78 0 0.0104854
37 79 0 0.0104854
37 80 0 0.0104854
37 81 0.000157444 0.00515695
37 82 0 0.0104854
37 83 0 0.0104854
37 84 0 0.0104854
37 85 0 0.0104854
37 86 0 0.0104854
37 87 2.63623e-05 0.00546963
37 88 2.52474e-06 0.00915188
37 89 1.51397e-05 0.00673195
37 90 1.51397e-05 0.00673195
37 91 1.51397e-05 0.00673195
37 92 1.51397e-05 0.00673195
37 93 1.51397e-05 0.00673195
37 94 0.000772024 0.0016178
37 95 0.00881141 0.00961667
37 96 0.0022053 0.0019398
37 97 0.000384706 0.00051305
38 39 0 0.00473123
38 40 0 0.00473123
38 41 0 0.00473123
38 42 0 0.00473123
38 43 0 0.00473123
38 44 0 0.00473123
38 45 0 0.00473123
38 46 0.0234729 0.0281391
38 47 0.0118724 0.00117908
38 48 0.000418764 0.00584741
38 49 0.0341518 0.0310487
38 50 0 0.00473123
38 51 0 0.00473123
38 52 0 0.00473123
38 53 0 0.00473123
38 54 0 0.00473123
38 55 0 0.00473123
38 56 0 0.00473123
38 57 0 0.00473123
38 58 0.00026433 0.00171197
38 59 0 0.00473123
38 60 0.148947 0.226476
38 61 0.00960715 0.0125025
38 62 0.00362225 0.000950913
38 63 0.0687822 0.032436
38 64 0.0167791 0.0187088
38 65 0 0.00473123
38 66 0.00428737 0.00164076
38 67 0.0085911 0.000875493
38 68 0 0.00473123
38 69 0.000880199 0.00246814
38 70 0.00846966 0.00118101
38 71 0.00345162 0.00817765
38 72 0.000112793 0.0033115
38 73 0 0.00473123
38 74 0 0.00473123
38 75 0.0094097 0.0299623
38 76 0.00436212 0.0108308
38 77 0 0.00473123
38 78 0 0.00473123
38 79 0 0.00473123
38 80 0 0.00473123
38 81 0.0108761 0.00347512
38 82 0 0.00473123
38 83 0 0.00473123
38 84 0 0.00473123
38 85 0 0.00473123
38 86 0 0.00473123
38 87 0.00113208 0.00156479
38 88 0.00438221 0.00816226
38 89 0.000650064 0.0032398
38 90 0.000650064 0.0032398
38 91 0.000650064 0.0032398
38 92 0.000650064 0.0032398
38 93 0.000650064 0.0032398
38 94 0.0334752 0.014707
38 95 0.0301051 0.0534429
38 96 0.0315222 0.0492824
38 97 0.0190801 0.00432093
39 40 0 0.0113364
39 41 0 0.0113364
39 42 0 0.0113364
39 43 0 0.0113364
39 44 0 0.0113364
39 45 0 0.0113364
39 46 0 0.00647742
39 47 0 0.00686408
39 48 0 0.00906099
39 49 0 0.00149671
39 50 0 0.0113364
39 51 0 0.0113364
39 52 0 0.0113364
39 53 0 0.0113364
39 54 0 0.0113364
39 55 0 0.0113364
39 56 0 0.0113364
39 57 0 0.0113364
39 58 0 0.00796997
39 59 0 0.0113364
39 60 0 0.00118241
39 61 0 0.00379498
39 62 0 0.00285741
39 63 0 0.000534193
39 64 0 0.00138287
39 65 0 0.0113364
39 66 0 0.00546803
39 67 0 0.00369333
39 68 0 0.0113364
39 69 0 0.00843337
39 70 0 0.00418082
39 71 0 0.00609553
39 72 0 0.00986167
39 73 0 0.0113364
39 74 0 0.0113364
39 75 0 0.00397573
39 76 0 0.0100944
39 77 0 0.0113364
39 78 0 0.0113364
39 79 0 0.0113364
39 80 0 0.0113364
39 81 0 0.00649372
39 82 0 0.0113364
39 83 0 0.0113364
39 84 0 0.0113364
39 85 0 0.0113364
39 86 0 0.0113364
39 87 0 0.00586316
39 88 0 0.0105206
39 89 0 0.00783938
39 90 0 0.00783938
39 91 0 0.00783938
39 92 0 0.00783938
39 93 0 0.00783938
39 94 0 0.00183686
39 95 0 0.00194555
39 96 0 0.00057934
39 97 0 0.000420067
40 41 0 0.0113364
40 42 0 0.0113364
40 43 0 0.0113364
40 44 0 0.0113364
40 45 0 0.0113364
40 46 0 0.00647742
40 47 0 0.00686408
40 48 0 0.00906099
40 49 0 0.00149671
40 50 0 0.0113364
40 51 0 0.0113364
40 52 0 0.0113364
40 53 0 0.0113364
40 54 0 0.0113364
40 55 0 0.0113364
40 56 0 0.0113364
40 57 0 0.0113364
40 58 0 0.00796997
40 59 0 0.0113364
40 60 0 0.00118241
40 61 0 0.00379498
40 62 0 0.00285741
40 63 0 0.000534193
40 64 0 0.00138287
40 65 0 0.0113364
40 66 0 0.00546803
40 67 0 0.00369333
40 68 0 0.0113364
40 69 0 0.00843337
40 70 0 0.00418082
40 71 0 0.00609553
40 72 0 0.00986167
40 73 0 0.0113364
40 74 0 0.0113364
40 75 0 0.00397573
40 76 0 0.0100944
40 77 0 0.0113364
40 78 0 0.0113364
40 79 0 0.0113364
40 80 0 0.0113364
40 81 0 0.00649372
40 82 0 0.0113364
40 83 0 0.0113364
40 84 0 0.0113364
40 85 0 0.0113364
40 86 0 0.0113364
40 87 0 0.00586316
40 88 0 0.0105206
40 89 0 0.00783938
40 90 0 0.00783938
40 91 0 0.00783938
40 92 0 0.00783938
40 93 0 0.00783938
40 94 0 0.00183686
40 95 0 0.00194555
40 96 0 0.00057934
40 97 0 0.000420067
41 42 0 0.0113364
41 43 0 0.0113364
41 44 0 0.0113364
41 45 0 0.0113364
41 46 0 0.00647742
41 47 0 0.00686408
41 48 0 0.00906099
41 49 0 0.00149671
41 50 0 0.0113364
41 51 0 0.0113364
41 52 0 0.0113364
41 53 0 0.0113364
41 54 0 0.0113364
41 55 0 0.0113364
41 56 0 0.0113364
41 57 0 0.0113364
41 58 0 0.00796997
41 59 0 0.0113364
41 60 0 0.00118241
41 61 0 0.00379498
41 62 0 0.00285741
41 63 0 0.000534193
41 64 0 0.00138287
41 65 0 0.0113364
41 66 0 0.00546803
41 67 0 0.00369333
41 68 0 0.0113364
41 69 0 0.00843337
41 70 0 0.00418082
41 71 0 0.00609553
41 72 0 0.00986167
41 73 0 0.0113364
41 74 0 0.0113364
41 75 0 0.00397573
41 76 0 0.0100944
41 77 0 0.0113364
41 78 0 0.0113364
41 79 0 0.0113364
41 80 0 0.0113364
41 81 0 0.00649372
41 82 0 0.0113364
41 83 0 0.0113364
41 84 0 0.0113364
41 85 0 0.0113364
41 86 0 0.0113364
41 87 0 0.00586316
41 88 0 0.0105206
41 89 0 0.00783938
41 90 0 0.00783938
41 91 0 0.00783938
41 92 0 0.00783938
41 93 0 0.00783938
41 94 0 0.00183686
41 95 0 0.00194555
41 96 0 0.00057934
41 97 0 0.000420067
42 43 0 0.0113364
42 44 0 0.0113364
42 45 0 0.0113364
42 46 0 0.00647742
42 47 0 0.00686408
42 48 0 0.00906099
42 49 0 0.00149671
42 50 0 0.0113364
42 51 0 0.0113364
42 52 0 0.0113364
42 53 0 0.0113364
42 54 0 0.0113364
42 55 0 0.0113364
42 56 0 0.0113364
42 57 0 0.0113364
42 58 0 0.00796997
42 59 0 0.0113364
42 60 0 0.00118241
42 61 0 0.00379498
42 62 0 0.00285741
42 63 0 0.000534193
42 64 0 0.00138287
42 65 0 0.0113364
42 66 0 0.00546803
42 67 0 0.00369333
42 68 0 0.0113364
42 69 0 0.00843337
42 70 0 0.00418082
42 71 0 0.00609553
42 72 0 0.00986167
42 73 0 0.0113364
42 74 0 0.0113364
42 75 0 0.00397573
42 76 0 0.0100944
42 77 0 0.0113364
42 78 0 0.0113364
42 79 0 0.0113364
42 80 0 0.0113364
42 81 0 0.00649372
42 82 0 0.0113364
42 83 0 0.0113364
42 84 0 0.0113364
42 85 0 0.0113364
42 86 0 0.0113364
42 87 0 0.00586316
42 88 0 0.0105206
42 89 0 0.00783938
42 90 0 0.00783938
42 91 0 0.00783938
42 92 0 0.00783938
42 93 0 0.00783938
42 94 0 0.00183686
42 95 0 0.00194555
42 96 0 0.00057934
42 97 0 0.000420067
43 44 0 0.0113364
43 45 0 0.0113364
43 46 0 0.00647742
43 47 0 0.00686408
43 48 0 0.00906099
43 49 0 0.00149671
43 50 0 0.0113364
43 51 0 0.0113364
43 52 0 0.0113364
43 53 0 0.0113364
43 54 0 0.0113364
43 55 0 0.0113364
43 56 0 0.0113364
43 57 0 0.0113364
43 58 0 0.00796997
43 59 0 0.0113364
43 60 0 0.00118241
43 61 0 0.00379498
43 62 0 0.00285741
43 63 0 0.000534193
43 64 0 0.00138287
43 65 0 0.0113364
43 66 0 0.00546803
43 67 0 0.00369333
43 68 0 0.0113364
43 69 0 0.00843337
43 70 0 0.00418082
43 71 0 0.00609553
43 72 0 0.00986167
43 73 0 0.0113364
43 74 0 0.0113364
43 75 0 0.00397573
43 76 0 0.0100944
43 77 0 0.0113364
43 78 0 0.0113364
43 79 0 0.0113364
43 80 0 0.0113364
43 81 0 0.00649372
43 82 0 0.0113364
43 83 0 0.0113364
43 84 0 0.0113364
43 85 0 0.0113364
43 86 0 0.0113364
43 87 0 0.00586316
43 88 0 0.0105206
43 89 0 0.00783938
43 90 0 0.00783938
43 91 0 0.00783938
43 92 0 0.00783938
43 93 0 0.00783938
43 94 0 0.00183686
43 95 0 0.00194555
43 96 0 0.00057934
43 97 0 0.000420067
44 45 0 0.0113364
44 46 0 0.00647742
44 47 0 0.00686408
44 48 0 0.00906099
44 49 0 0.00149671
44 50 0 0.0113364
44 51 0 0.0113364
44 52 0 0.0113364
44 53 0 0.0113364
44 54 0 0.0113364
44 55 0 0.0113364
44 56 0 0.0113364
44 57 0 0.0113364
44 58 0 0.00796997
44 59 0 0.0113364
44 60 0 0.00118241
44 61 0 0.00379498
44 62 0 0.00285741
44 63 0 0.000534193
44 64 0 0.00138287
44 65 0 0.0113364
44 66 0 0.00546803
44 67 0 0.00369333
44 68 0 0.0113364
44 69 0 0.00843337
44 70 0 0.00418082
44 71 0 0.00609553
44 72 0 0.00986167
44 73 0 0.0113364
44 74 0 0.0113364
44 75 0 0.00397573
44 76 0 0.0100944
44 77 0 0.0113364
44 78 0 0.0113364
44 79 0 0.0113364
44 80 0 0.0113364
44 81 0 0.00649372
44 82 0 0.0113364
44 83 0 0.0113364
44 84 0 0.0113364
44 85 0 0.0113364
44 86 0 0.0113364
44 87 0 0.00586316
44 88 0 0.0105206
44 89 0 0.00783938
44 90 0 0.00783938
44 91 0 0.00783938
44 92 0 0.00783938
44 93 0 0.00783938
44 94 0 0.00183686
44 95 0 0.00194555
44 96 0 0.00057934
44 97 0 0.000420067
45 46 0 0.00647742
45 47 0 0.00686408
45 48 0 0.00906099
45 49 0 0.00149671
45 50 0 0.0113364
45 51 0 0.0113364
45 52 0 0.0113364
45 53 0 0.0113364
45 54 0 0.0113364
45 55 0 0.0113364
45 56 0 0.0113364
45 57 0 0.0113364
45 58 0 0.00796997
45 59 0 0.0113364
45 60 0 0.00118241
45 61 0 0.00379498
45 62 0 0.00285741
45 63 0 0.000534193
45 64 0 0.00138287
45 65 0 0.0113364
45 66 0 0.00546803
45 67 0 0.00369333
45 68 0 0.0113364
45 69 0 0.00843337
45 70 0 0.00418082
45 71 0 0.00609553
45 72 0 0.00986167
45 73 0 0.0113364
45 74 0 0.0113364
45 75 0 0.00397573
45 76 0 0.0100944
45 77 0 0.0113364
45 78 0 0.0113364
45 79 0 0.0113364
45 80 0 0.0113364
45 81 0 0.00649372
45 82 0 0.0113364
45 83 0 0.0113364
45 84 0 0.0113364
45 85 0 0.0113364
45 86 0 0.0113364
45 87 0 0.00586316
45 88 0 0.0105206
45 89 0 0.00783938
45 90 0 0.00783938
45 91 0 0.00783938
45 92 0 0.00783938
45 93 0 0.00783938
45 94 0 0.00183686
45 95 0 0.00194555
45 96 0 0.00057934
45 97 0 0.000420067
46 47 0.00248788 0.00353496
46 48 8.79701e-05 0.00602813
46 49 0.00617812 0.00801079
46 50 0 0.00647742
46 51 0 0.00647742
46 52 0 0.00647742
46 53 0 0.00647742
46 54 0 0.00647742
46 55 0 0.00647742
46 56 0 0.00647742
46 57 0 0.00647742
46 58 5.55298e-05 0.00531608
46 59 0 0.00647742
46 60 0.0452037 0.0458917
46 61 0.00201422 0.00379369
46 62 0.000737127 0.0268407
46 63 0.00577765 0.00307182
46 64 0.00800854 0.00596056
46 65 0 0.00647742
46 66 0.00255084 0.00209382
46 67 0.00180161 0.00949736
46 68 0 0.00647742
46 69 0.000184886 0.0121746
46 70 0.00177619 0.00999367
46 71 0.000724628 0.00395341
46 72 2.3696e-05 0.00578845
46 73 0 0.00647742
46 74 0 0.00647742
46 75 0.00839801 0.045745
46 76 2.26673e-05 0.00414131
46 77 0 0.00647742
46 78 0 0.00647742
46 79 0 0.00647742
46 80 0 0.00647742
46 81 0.0014205 0.00199437
46 82 0 0.00647742
46 83 0 0.00647742
46 84 0 0.00647742
46 85 0 0.00647742
46 86 0 0.00647742
46 87 0.000237781 0.00750145
46 88 2.27713e-05 0.0054471
46 89 0.000136553 0.00875719
46 90 0.000136553 0.00875719
46 91 0.000136553 0.00875719
46 92 0.000136553 0.00875719
46 93 0.000136553 0.00875719
46 94 0.00697597 0.00174395
46 95 0.00933439 0.0242721
46 96 0.0215 0.0855924
46 97 0.00347269 0.00229715
47 48 0.00108233 0.00307736
47 49 0.202302 0.00872023
47 50 0 0.00686408
47 51 0 0.00686408
47 52 0 0.00686408
47 53 0 0.00686408
47 54 0 0.00686408
47 55 0 0.00686408
47 56 0 0.00686408
47 57 0 0.00686408
47 58 0.000683135 0.00523456
47 59 0 0.00686408
47 60 0.179693 0.011003
47 61 0.0277296 0.0131442
47 62 0.0976142 0.0313924
47 63 0.0694411 0.05097
47 64 0.172629 0.166961
47 65 0 0.00686408
47 66 0.0582844 0.010996
47 67 0.0222868 0.0534572
47 68 0 0.00686408
47 69 0.00227539 0.0139871
47 70 0.0219705 0.0502792
47 71 0.0131816 0.0100364
47 72 0.000291484 0.00158945
47 73 0 0.00686408
47 74 0 0.00686408
47 75 0.0244199 0.00247628
47 76 0.000278829 0.00601338
47 77 0 0.00686408
47 78 0 0.00686408
47 79 0 0.00686408
47 80 0 0.00686408
47 81 0.0175502 0.00319183
47 82 0 0.00686408
47 83 0 0.00686408
47 84 0 0.00686408
47 85 0 0.00686408
47 86 0 0.00686408
47 87 0.00292684 0.000975263
47 88 0.000280109 0.00488528
47 89 0.00168031 0.00260814
47 90 0.00168031 0.00260814
47 91 0.00168031 0.00260814
47 92 0.00168031 0.00260814
47 93 0.00168031 0.00260814
47 94 0.284305 0.0362973
47 95 0.172142 0.0593521
47 96 0.322446 0.0540566
47 97 0.043211 0.0211875
48 49 0.00268599 0.0282699
48 50 0 0.00906099
48 51 0 0.00906099
48 52 0 0.00906099
48 53 0 0.00906099
48 54 0 0.00906099
48 55 0 0.00906099
48 56 0 0.00906099
48 57 0 0.00906099
48 58 2.41665e-05 0.00137625
48 59 0 0.00906099
48 60 0.00537205 0.0209068
48 61 0.000876331 0.000960398
48 62 0.00716224 0.0456903
48 63 0.00192398 0.00565164
48 64 0.000969676 0.00198559
48 65 0 0.00906099
48 66 0.0011097 0.00492301
48 67 0.000783853 0.00375618
48 68 0 0.00906099
48 69 8.04609e-05 0.00877824
48 70 0.000772797 0.00414294
48 71 0.000315327 0.00226949
48 72 1.03125e-05 0.00506829
48 73 0 0.00906099
48 74 0 0.00906099
48 75 0.000858364 0.00162261
48 76 9.86482e-06 0.00920933
48 77 0 0.00906099
48 78 0 0.00906099
48 79 0 0.00906099
48 80 0 0.00906099
48 81 0.000618075 0.00378928
48 82 0 0.00906099
48 83 0 0.00906099
48 84 0 0.00906099
48 85 0 0.00906099
48 86 0 0.00906099
48 87 0.000103479 0.0010359
48 88 9.91011e-06 0.0081302
48 89 5.9427e-05 0.00879859
48 90 5.9427e-05 0.00879859
48 91 5.9427e-05 0.00879859
48 92 5.9427e-05 0.00879859
48 93 5.9427e-05 0.00879859
48 94 0.01264 0.0378205
48 95 0.00235992 0.00286585
48 96 0.00422902 0.00101566
48 97 0.00151051 0.00733146
49 50 0 0.00149671
49 51 0 0.00149671
49 52 0 0.00149671
49 53 0 0.00149671
49 54 0 0.00149671
49 55 0 0.00149671
49 56 0 0.00149671
49 57 0 0.00149671
49 58 0.022286 0.0348363
49 59 0 0.00149671
49 60 0.556894 0.267422
49 61 0.102413 0.029113
49 62 0.0652371 0.0251881
49 63 0.0818427 0.0675935
49 64 0.225043 0.0471623
49 65 0 0.00149671
49 66 0.0100044 0.00488672
49 67 0.143729 0.0501259
49 68 0 0.00149671
49 69 0.0130231 0.00115994
49 70 0.143242 0.0474696
49 71 0.025929 0.0516989
49 72 0.000723108 0.00188006
49 73 0 0.00149671
49 74 0 0.00149671
49 75 0.0613029 0.00459818
49 76 0.000691709 0.00221223
49 77 0 0.00149671
49 78 0 0.00149671
49 79 0 0.00149671
49 80 0 0.00149671
49 81 0.111563 0.016792
49 82 0 0.00149671
49 83 0 0.00149671
49 84 0 0.00149671
49 85 0 0.00149671
49 86 0 0.00149671
49 87 0.0361412 0.0384044
49 88 0.000694885 0.0010437
49 89 0.0104463 0.017811
49 90 0.0104463 0.017811
49 91 0.0104463 0.017811
49 92 0.0104463 0.017811
49 93 0.0104463 0.017811
49 94 0.474735 0.0429501
49 95 0.454703 0.0778252
49 96 0.486043 0.0204392
49 97 0.0766198 0.0279404
50 51 0 0.0113364
50 52 0 0.0113364
50 53 0 0.0113364
50 54 0 0.0113364
50 55 0 0.0113364
50 56 0 0.0113364
50 57 0 0.0113364
50 58 0 0.00796997
50 59 0 0.0113364
50 60 0 0.00118241
50 61 0 0.00379498
50 62 0 0.00285741
50 63 0 0.000534193
50 64 0 0.00138287
50 65 0 0.0113364
50 66 0 0.00546803
50 67 0 0.00369333
50 68 0 0.0113364
50 69 0 0.00843337
50 70 0 0.00418082
50 71 0 0.00609553
50 72 0 0.00986167
50 73 0 0.0113364
50 74 0 0.0113364
50 75 0 0.00397573
50 76 0 0.0100944
50 77 0 0.0113364
50 78 0 0.0113364
50 79 0 0.0113364
50 80 0 0.0113364
50 81 0 0.00649372
50 82 0 0.0113364
50 83 0 0.0113364
50 84 0 0.0113364
50 85 0 0.0113364
50 86 0 0.0113364
50 87 0 0.00586316
50 88 0 0.0105206
50 89 0 0.00783938
50 90 0 0.00783938
50 91 0 0.00783938
50 92 0 0.00783938
50 93 0 0.00783938
50 94 0 0.00183686
50 95 0 0.00194555
50 96 0 0.00057934
50 97 0 0.000420067
51 52 0 0.0113364
51 53 0 0.0113364
51 54 0 0.0113364
51 55 0 0.0113364
51 56 0 0.0113364
51 57 0 0.0113364
51 58 0 0.00796997
51 59 0 0.0113364
51 60 0 0.00118241
51 61 0 0.00379498
51 62 0 0.00285741
51 63 0 0.000534193
51 64 0 0.00138287
51 65 0 0.0113364
51 66 0 0.00546803
51 67 0 0.00369333
51 68 0 0.0113364
51 69 0 0.00843337
51 70 0 0.00418082
51 71 0 0.00609553
51 72 0 0.00986167
51 73 0 0.0113364
51 74 0 0.0113364
51 75 0 0.00397573
51 76 0 0.0100944
51 77 0 0.0113364
51 78 0 0.0113364
51 79 0 0.0113364
51 80 0 0.0113364
51 81 0 0.00649372
51 82 0 0.0113364
51 83 0 0.0113364
51 84 0 0.0113364
51 85 0 0.0113364
51 86 0 0.0113364
51 87 0 0.00586316
51 88 0 0.0105206
51 89 0 0.00783938
51 90 0 0.00783938
51 91 0 0.00783938
51 92 0 0.00783938
51 93 0 0.00783938
51 94 0 0.00183686
51 95 0 0.00194555
51 96 0 0.00057934
51 97 0 0.000420067
52 53 0 0.0113364
52 54 0 0.0113364
52 55 0 0.0113364
52 56 0 0.0113364
52 57 0 0.0113364
52 58 0 0.00796997
52 59 0 0.0113364
52 60 0 0.00118241
52 61 0 0.00379498
52 62 0 0.00285741
52 63 0 0.000534193
52 64 0 0.00138287
52 65 0 0.0113364
52 66 0 0.00546803
52 67 0 0.00369333
52 68 0 0.0113364
52 69 0 0.00843337
52 70 0 0.00418082
52 71 0 0.00609553
52 72 0 0.00986167
52 73 0 0.0113364
52 74 0 0.0113364
52 75 0 0.00397573
52 76 0 0.0100944
52 77 0 0.0113364
52 78 0 0.0113364
52 79 0 0.0113364
52 80 0 0.0113364
52 81 0 0.00649372
52 82 0 0.0113364
52 83 0 0.0113364
52 84 0 0.0113364
52 85 0 0.0113364
52 86 0 0.0113364
52 87 0 0.00586316
52 88 0 0.0105206
52 89 0 0.00783938
52 90 0 0.00783938
52 91 0 0.00783938
52 92 0 0.00783938
52 93 0 0.00783938
52 94 0 0.00183686
52 95 0 0.00194555
52 96 0 0.00057934
52 97 0 0.000420067
53 54 0 0.0113364
53 55 0 0.0113364
53 56 0 0.0113364
53 57 0 0.0113364
53 58 0 0.00796997
53 59 0 0.0113364
53 60 0 0.00118241
53 61 0 0.00379498
53 62 0 0.00285741
53 63 0 0.000534193
53 64 0 0.00138287
53 65 0 0.0113364
53 66 0 0.00546803
53 67 0 0.00369333
53 68 0 0.0113364
53 69 0 0.00843337
53 70 0 0.00418082
53 71 0 0.00609553
53 72 0 0.00986167
53 73 0 0.0113364
53 74 0 0.0113364
53 75 0 0.00397573
53 76 0 0.0100944
53 77 0 0.0113364
53 78 0 0.0113364
53 79 0 0.0113364
53 80 0 0.0113364
53 81 0 0.00649372
53 82 0 0.0113364
53 83 0 0.0113364
53 84 0 0.0113364
53 85 0 0.0113364
53 86 0 0.0113364
53 87 0 0.00586316
53 88 0 0.0105206
53 89 0 0.00783938
53 90 0 0.00783938
53 91 0 0.00783938
53 92 0 0.00783938
53 93 0 0.00783938
53 94 0 0.00183686
53 95 0 0.00194555
53 96 0 0.00057934
53 97 0 0.000420067
54 55 0 0.0113364
54 56 0 0.0113364
54 57 0 0.0113364
54 58 0 0.00796997
54 59 0 0.0113364
54 60 0 0.00118241
54 61 0 0.00379498
54 62 0 0.00285741
54 63 0 0.000534193
54 64 0 0.00138287
54 65 0 0.0113364
54 66 0 0.00546803
54 67 0 0.00369333
54 68 0 0.0113364
54 69 0 0.00843337
54 70 0 0.00418082
54 71 0 0.00609553
54 72 0 0.00986167
54 73 0 0.0113364
54 74 0 0.0113364
54 75 0 0.00397573
54 76 0 0.0100944
54 77 0 0.0113364
54 78 0 0.0113364
54 79 0 0.0113364
54 80 0 0.0113364
54 81 0 0.00649372
54 82 0 0.0113364
54 83 0 0.0113364
54 84 0 0.0113364
54 85 0 0.0113364
54 86 0 0.0113364
54 87 0 0.00586316
54 88 0 0.0105206
54 89 0 0.00783938
54 90 0 0.00783938
54 91 0 0.00783938
54 92 0 0.00783938
54 93 0 0.00783938
54 94 0 0.00183686
54 95 0 0.00194556
54 96 0 0.00057934
54 97 0 0.000420067
55 56 0 0.0113364
55 57 0 0.0113364
55 58 0 0.00796997
55 59 0 0.0113364
55 60 0 0.00118241
55 61 0 0.00379498
55 62 0 0.00285741
55 63 0 0.000534193
55 64 0 0.00138287
55 65 0 0.0113364
55 66 0 0.00546803
55 67 0 0.00369333
55 68 0 0.0113364
55 69 0 0.00843337
55 70 0 0.00418082
55 71 0 0.00609553
55 72 0 0.00986167
55 73 0 0.0113364
55 74 0 0.0113364
55 75 0 0.00397573
55 76 0 0.0100944
55 77 0 0.0113364
55 78 0 0.0113364
55 79 0 0.0113364
55 80 0 0.0113364
55 81 0 0.00649372
55 82 0 0.0113364
55 83 0 0.0113364
55 84 0 0.0113364
55 85 0 0.0113364
55 86 0 0.0113364
55 87 0 0.00586316
55 88 0 0.0105206
55 89 0 0.00783938
55 90 0 0.00783938
55 91 0 0.00783938
55 92 0 0.00783938
55 93 0 0.00783938
55 94 0 0.00183686
55 95 0 0.00194555
55 96 0 0.00057934
55 97 0 0.000420067
56 57 0 0.0113364
56 58 0 0.00796997
56 59 0 0.0113364
56 60 0 0.00118241
56 61 0 0.00379498
56 62 0 0.00285741
56 63 0 0.000534193
56 64 0 0.00138287
56 65 0 0.0113364
56 66 0 0.00546803
56 67 0 0.00369333
56 68 0 0.0113364
56 69 0 0.00843337
56 70 0 0.00418082
56 71 0 0.00609553
56 72 0 0.00986167
56 73 0 0.0113364
56 74 0 0.0113364
56 75 0 0.00397573
56 76 0 0.0100944
56 77 0 0.0113364
56 78 0 0.0113364
56 79 0 0.0113364
56 80 0 0.0113364
56 81 0 0.00649372
56 82 0 0.0113364
56 83 0 0.0113364
56 84 0 0.0113364
56 85 0 0.0113364
56 86 0 0.0113364
56 87 0 0.00586316
56 88 0 0.0105206
56 89 0 0.00783938
56 90 0 0.00783938
56 91 0 0.00783938
56 92 0 0.00783938
56 93 0 0.00783938
56 94 0 0.00183686
56 95 0 0.00194555
56 96 0 0.00057934
56 97 0 0.000420067
57 58 0 0.00796997
57 59 0 0.0113364
57 60 0 0.00118241
57 61 0 0.00379498
57 62 0 0.00285741
57 63 0 0.000534193
57 64 0 0.00138287
57 65 0 0.0113364
57 66 0 0.00546803
57 67 0 0.00369333
57 68 0 0.0113364
57 69 0 0.00843337
57 70 0 0.00418082
57 71 0 0.00609553
57 72 0 0.00986167
57 73 0 0.0113364
57 74 0 0.0113364
57 75 0 0.00397573
57 76 0 0.0100944
57 77 0 0.0113364
57 78 0 0.0113364
57 79 0 0.0113364
57 80 0 0.0113364
57 81 0 0.00649372
57 82 0 0.0113364
57 83 0 0.0113364
57 84 0 0.0113364
57 85 0 0.0113364
57 86 0 0.0113364
57 87 0 0.00586316
57 88 0 0.0105206
57 89 0 0.00783938
57 90 0 0.00783938
57 91 0 0.00783938
57 92 0 0.00783938
57 93 0 0.00783938
57 94 0 0.00183686
57 95 0 0.00194555
57 96 0 0.00057934
57 97 0 0.000420067
58 59 0 0.00796997
58 60 0.0255144 0.0199977
58 61 0.000553128 0.000958628
58 62 0.000460358 0.00214442
58 63 0.00121425 0.000694171
58 64 0.00219617 0.00166221
58 65 0 0.00796997
58 66 0.000700412 0.00827432
58 67 0.000494762 0.00173778
58 68 0 0.00796997
58 69 5.07898e-05 0.0024754
58 70 0.000487784 0.00167531
58 71 0.000199041 0.00156034
58 72 6.50967e-06 0.00606075
58 73 0 0.00796997
58 74 0 0.00796997
58 75 0.000541788 0.00244304
58 76 6.22706e-06 0.00755065
58 77 0 0.00796997
58 78 0 0.00796997
58 79 0 0.00796997
58 80 0 0.00796997
58 81 0.00039013 0.00473021
58 82 0 0.00796997
58 83 0 0.00796997
58 84 0 0.00796997
58 85 0 0.00796997
58 86 0 0.00796997
58 87 0.0255144 0.101831
58 88 6.25565e-06 0.00773185
58 89 3.75125e-05 0.00510196
58 90 3.75125e-05 0.00510196
58 91 3.75125e-05 0.00510196
58 92 3.75125e-05 0.00510196
58 93 3.75125e-05 0.00510196
58 94 0.0126931 0.0179541
58 95 0.00355006 0.000975781
58 96 0.00462038 0.00378433
58 97 0.0255144 0.0370426
59 60 0 0.00118241
59 61 0 0.00379498
59 62 0 0.00285741
59 63 0 0.000534193
59 64 0 0.00138287
59 65 0 0.0113364
59 66 0 0.00546803
59 67 0 0.00369333
59 68 0 0.0113364
59 69 0 0.00843337
59 70 0 0.00418082
59 71 0 0.00609553
59 72 0 0.00986167
59 73 0 0.0113364
59 74 0 0.0113364
59 75 0 0.00397573
59 76 0 0.0100944
59 77 0 0.0113364
59 78 0 0.0113364
59 79 0 0.0113364
59 80 0 0.0113364
59 81 0 0.00649372
59 82 0 0.0113364
59 83 0 0.0113364
59 84 0 0.0113364
59 85 0 0.0113364
59 86 0 0.0113364
59 87 0 0.00586316
59 88 0 0.0105206
59 89 0 0.00783938
59 90 0 0.00783938
59 91 0 0.00783938
59 92 0 0.00783938
59 93 0 0.00783938
59 94 0 0.00183686
59 95 0 0.00194555
59 96 0 0.00057934
59 97 0 0.000420067
60 61 0.121866 0.0177182
60 62 0.0571711 0.0194848
60 63 0.275352 0.108073
60 64 0.276639 0.0162152
60 65 0 0.00118241
60 66 0.0219757 0.0218468
60 67 0.125813 0.00914172
60 68 0 0.00118241
60 69 0.0119677 0.00676448
60 70 0.12493 0.0117295
60 71 0.034986 0.0073531
60 72 0.0011418 0.00725011
60 73 0 0.00118241
60 74 0 0.00118241
60 75 0.103561 0.0311666
60 76 0.00882228 0.00803184
60 77 0 0.00118241
60 78 0 0.00118241
60 79 0 0.00118241
60 80 0 0.00118241
60 81 0.101453 0.00979056
60 82 0 0.00118241
60 83 0 0.00118241
60 84 0 0.00118241
60 85 0 0.00118241
60 86 0 0.00118241
60 87 0.0377044 0.0223454
60 88 0.0045306 0.00325905
60 89 0.00919732 0.00691252
60 90 0.00919732 0.00691252
60 91 0.00919732 0.00691252
60 92 0.00919732 0.00691252
60 93 0.00919732 0.00691252
60 94 0.605641 0.148872
60 95 0.661881 0.204999
60 96 0.511292 0.105801
60 97 0.171153 0.128368
61 62 0.0140981 0.0371611
61 63 0.183575 0.149428
61 64 0.293704 0.0793142
61 65 0 0.00379498
61 66 0.02557 0.0211258
61 67 0.258833 0.10332
61 68 0 0.00379498
61 69 0.00184221 0.044351
61 70 0.258786 0.11634
61 71 0.00125841 0.03741
61 72 0.000236017 0.000852394
61 73 0 0.00379498
61 74 0 0.00379498
61 75 0.0197463 0.00883252
61 76 0.00022577 0.00342137
61 77 0 0.00379498
61 78 0 0.00379498
61 79 0 0.00379498
61 80 0 0.00379498
61 81 0.247189 0.101759
61 82 0 0.00379498
61 83 0 0.00379498
61 84 0 0.00379498
61 85 0 0.00379498
61 86 0 0.00379498
61 87 0.0280235 0.0630464
61 88 0.000226806 0.00222978
61 89 0.00136046 0.00191752
61 90 0.00136046 0.00191752
61 91 0.00136046 0.00191752
61 92 0.00136046 0.00191752
61 93 0.00136046 0.00191752
61 94 0.204348 0.0434655
61 95 0.155664 0.0298918
61 96 0.256526 0.0874273
61 97 0.198146 0.0620998
62 63 0.0438813 0.0638778
62 64 0.0806515 0.010152
62 65 0 0.00285741
62 66 0.0923443 0.385921
62 67 0.00019306 0.00272184
62 68 0 0.00285741
62 69 0.00153314 0.00503622
62 70 6.52336e-06 0.00148907
62 71 0.000561289 0.00915695
62 72 0.000196435 0.00218755
62 73 0 0.00285741
62 74 0 0.00285741
62 75 0.0156119 0.00953052
62 76 0.000187907 0.00228559
62 77 0 0.00285741
62 78 0 0.00285741
62 79 0 0.00285741
62 80 0 0.00285741
62 81 0.0118082 0.0192037
62 82 0 0.00285741
62 83 0 0.00285741
62 84 0 0.00285741
62 85 0 0.00285741
62 86 0 0.00285741
62 87 0.028951 0.0456972
62 88 0.000188769 0.00297559
62 89 0.00113224 0.00223568
62 90 0.00113224 0.00223568
62 91 0.00113224 0.00223568
62 92 0.00113224 0.00223568
62 93 0.00113224 0.00223568
62 94 0.0672458 0.07059
62 95 0.0808219 0.0756998
62 96 0.126241 0.0388392
62 97 0.0571118 0.0358239
63 64 0.304052 0.172158
63 65 0 0.000534193
63 66 0.0415967 0.036554
63 67 0.142163 0.0454889
63 68 0 0.000534193
63 69 0.0356101 0.0561241
63 70 0.130621 0.0262685
63 71 0.125591 0.0605147
63 72 0.00724192 0.00795178
63 73 0 0.000534193
63 74 0 0.000534193
63 75 0.0385573 0.0133391
63 76 0.0049615 0.00383003
63 77 0 0.000534193
63 78 0 0.000534193
63 79 0 0.000534193
63 80 0 0.000534193
63 81 0.0918425 0.0148967
63 82 0 0.000534193
63 83 0 0.000534193
63 84 0 0.000534193
63 85 0 0.000534193
63 86 0 0.000534193
63 87 0.054588 0.0355244
63 88 0.00498438 0.00129093
63 89 0.00298738 0.00617116
63 90 0.00298738 0.00617116
63 91 0.00298738 0.00617116
63 92 0.00298738 0.00617116
63 93 0.00298738 0.00617116
63 94 0.262417 0.0376902
63 95 0.265034 0.0645054
63 96 0.253621 0.098157
63 97 0.197829 0.0330992
64 65 0 0.00138287
64 66 0.1913 0.257577
64 67 0.363341 0.126121
64 68 0 0.00138287
64 69 0.0470669 0.040476
64 70 0.361695 0.121426
64 71 0.0412292 0.0260518
64 72 0.00194889 0.00174809
64 73 0 0.00138287
64 74 0 0.00138287
64 75 0.0759722 0.00696787
64 76 0.000896129 0.00241958
64 77 0 0.00138287
64 78 0 0.00138287
64 79 0 0.00138287
64 80 0 0.00138287
64 81 0.312165 0.0546972
64 82 0 0.00138287
64 83 0 0.00138287
64 84 0 0.00138287
64 85 0 0.00138287
64 86 0 0.00138287
64 87 0.0536055 0.0205322
64 88 0.00187278 0.00373035
64 89 0.0112711 0.0196227
64 90 0.0112711 0.0196227
64 91 0.0112711 0.0196227
64 92 0.0112711 0.0196227
64 93 0.0112711 0.0196227
64 94 0.424396 0.0514223
64 95 0.429397 0.220393
64 96 0.480661 0.0713286
64 97 0.261019 0.0185287
65 66 0 0.00546803
65 67 0 0.00369333
65 68 0 0.0113364
65 69 0 0.00843337
65 70 0 0.00418082
65 71 0 0.00609553
65 72 0 0.00986167
65 73 0 0.0113364
65 74 0 0.0113364
65 75 0 0.00397573
65 76 0 0.0100944
65 77 0 0.0113364
65 78 0 0.0113364
65 79 0 0.0113364
65 80 0 0.0113364
65 81 0 0.00649372
65 82 0 0.0113364
65 83 0 0.0113364
65 84 0 0.0113364
65 85 0 0.0113364
65 86 0 0.0113364
65 87 0 0.00586316
65 88 0 0.0105206
65 89 0 0.00783938
65 90 0 0.00783938
65 91 0 0.00783938
65 92 0 0.00783938
65 93 0 0.00783938
65 94 0 0.00183686
65 95 0 0.00194555
65 96 0 0.00057934
65 97 0 0.000420067
66 67 0.0228541 0.0105891
66 68 0 0.00546803
66 69 0.00233297 0.00177657
66 70 0.0225297 0.0037215
66 71 0.00915933 0.00233124
66 72 0.000298855 0.00301572
66 73 0 0.00546803
66 74 0 0.00546803
66 75 0.025042 0.00110443
66 76 0.000285879 0.00572087
66 77 0 0.00546803
66 78 0 0.00546803
66 79 0 0.00546803
66 80 0 0.00546803
66 81 0.0179963 0.00424869
66 82 0 0.00546803
66 83 0 0.00546803
66 84 0 0.00546803
66 85 0 0.00546803
66 86 0 0.00546803
66 87 0.00300091 0.00180182
66 88 0.000287192 0.00272373
66 89 0.00172281 0.00180214
66 90 0.00172281 0.00180214
66 91 0.00172281 0.00180214
66 92 0.00172281 0.00180214
66 93 0.00172281 0.00180214
66 94 0.0152853 0.0412245
66 95 0.216435 0.245302
66 96 0.13412 0.0491967
66 97 0.0443187 0.0122294
67 68 0 0.00369333
67 69 0.0247956 0.0871341
67 70 0.361695 0.318659
67 71 0.00646548 0.0112333
67 72 0.000211114 0.00195208
67 73 0 0.00369333
67 74 0 0.00369333
67 75 0.0176523 0.00203099
67 76 0.000201948 0.00285184
67 77 0 0.00369333
67 78 0 0.00369333
67 79 0 0.00369333
67 80 0 0.00369333
67 81 0.251116 0.062578
67 82 0 0.00369333
67 83 0 0.00369333
67 84 0 0.00369333
67 85 0 0.00369333
67 86 0 0.00369333
67 87 0.0282535 0.0315557
67 88 0.000202876 0.00268625
67 89 0.00121687 0.00136536
67 90 0.00121687 0.00136536
67 91 0.00121687 0.00136536
67 92 0.00121687 0.00136536
67 93 0.00121687 0.00136536
67 94 0.235802 0.0734912
67 95 0.127038 0.0146351
67 96 0.253696 0.0235319
67 97 0.17562 0.00357016
68 69 0 0.00843337
68 70 0 0.00418082
68 71 0 0.00609553
68 72 0 0.00986167
68 73 0 0.0113364
68 74 0 0.0113364
68 75 0 0.00397573
68 76 0 0.0100944
68 77 0 0.0113364
68 78 0 0.0113364
68 79 0 0.0113364
68 80 0 0.0113364
68 81 0 0.00649372
68 82 0 0.0113364
68 83 0 0.0113364
68 84 0 0.0113364
68 85 0 0.0113364
68 86 0 0.0113364
68 87 0 0.00586316
68 88 0 0.0105206
68 89 0 0.00783938
68 90 0 0.00783938
68 91 0 0.00783938
68 92 0 0.00783938
68 93 0 0.00783938
68 94 0 0.00183686
68 95 0 0.00194555
68 96 0 0.00057934
68 97 0 0.000420067
69 70 0.0247926 0.0963642
69 71 0.00558425 0.0402909
69 72 0.0123181 0.055797
69 73 0 0.00843337
69 74 0 0.00843337
69 75 0.00180443 0.00519829
69 76 2.07324e-05 0.00792937
69 77 0 0.00843337
69 78 0 0.00843337
69 79 0 0.00843337
69 80 0 0.00843337
69 81 0.0012992 0.00373898
69 82 0 0.00843337
69 83 0 0.00843337
69 84 0 0.00843337
69 85 0 0.00843337
69 86 0 0.00843337
69 87 0.000217483 0.0114756
69 88 2.08276e-05 0.00753896
69 89 0.000124897 0.00460789
69 90 0.000124897 0.00460789
69 91 0.000124897 0.00460789
69 92 0.000124897 0.00460789
69 93 0.000124897 0.00460789
69 94 0.0220984 0.0274915
69 95 0.0118539 0.0051889
69 96 0.019924 0.0101703
69 97 0.00317601 0.0396159
70 71 0.00637414 0.00970166
70 72 0.000208137 0.00266678
70 73 0 0.00418082
70 74 0 0.00418082
70 75 0.0174021 0.0026556
70 76 0.0001991 0.00380419
70 77 0 0.00418082
70 78 0 0.00418082
70 79 0 0.00418082
70 80 0 0.00418082
70 81 0.251113 0.0662182
70 82 0 0.00418082
70 83 0 0.00418082
70 84 0 0.00418082
70 85 0 0.00418082
70 86 0 0.00418082
70 87 0.0282465 0.0324709
70 88 0.000200014 0.00338315
70 89 0.00119971 0.00154467
70 90 0.00119971 0.00154467
70 91 0.00119971 0.00154467
70 92 0.00119971 0.00154467
70 93 0.00119971 0.00154467
70 94 0.235227 0.074888
70 95 0.118423 0.00734715
70 96 0.251687 0.0230308
70 97 0.17541 0.00520354
71 72 0.00502627 0.0461971
71 73 0 0.00609553
71 74 0 0.00609553
71 75 0.00678727 0.0107203
71 76 8.12469e-05 0.00550088
71 77 0 0.00609553
71 78 0 0.00609553
71 79 0 0.00609553
71 80 0 0.00609553
71 81 0.00509639 0.00281056
71 82 0 0.00609553
71 83 0 0.00609553
71 84 0 0.00609553
71 85 0 0.00609553
71 86 0 0.00609553
71 87 0.000852407 0.00154857
71 88 8.16199e-05 0.00411768
71 89 0.000489487 0.00137922
71 90 0.000489487 0.00137922
71 91 0.000489487 0.00137922
71 92 0.000489487 0.00137922
71 93 0.000489487 0.00137922
71 94 0.0462841 0.0565481
71 95 0.0484066 0.0234163
71 96 0.0549666 0.0592109
71 97 0.0761514 0.072902
72 73 0 0.00986167
72 74 0 0.00986167
72 75 0.000231178 0.00382003
72 76 2.65727e-06 0.00928655
72 77 0 0.00986167
72 78 0 0.00986167
72 79 0 0.00986167
72 80 0 0.00986167
72 81 0.000166471 0.00564587
72 82 0 0.00986167
72 83 0 0.00986167
72 84 0 0.00986167
72 85 0 0.00986167
72 86 0 0.00986167
72 87 2.78736e-05 0.00660111
72 88 2.66947e-06 0.00838759
72 89 1.60076e-05 0.00839898
72 90 1.60076e-05 0.00839898
72 91 1.60076e-05 0.00839898
72 92 1.60076e-05 0.00839898
72 93 1.60076e-05 0.00839898
72 94 0.00315661 0.0246574
72 95 0.00151384 0.00305473
72 96 0.00233185 0.00370565
72 97 0.000406763 0.000480476
73 74 0 0.0113364
73 75 0 0.00397573
73 76 0 0.0100944
73 77 0 0.0113364
73 78 0 0.0113364
73 79 0 0.0113364
73 80 0 0.0113364
73 81 0 0.00649372
73 82 0 0.0113364
73 83 0 0.0113364
73 84 0 0.0113364
73 85 0 0.0113364
73 86 0 0.0113364
73 87 0 0.00586316
73 88 0 0.0105206
73 89 0 0.00783938
73 90 0 0.00783938
73 91 0 0.00783938
73 92 0 0.00783938
73 93 0 0.00783938
73 94 0 0.00183686
73 95 0 0.00194555
73 96 0 0.00057934
73 97 0 0.000420067
74 75 0 0.00397573
74 76 0 0.0100944
74 77 0 0.0113364
74 78 0 0.0113364
74 79 0 0.0113364
74 80 0 0.0113364
74 81 0 0.00649372
74 82 0 0.0113364
74 83 0 0.0113364
74 84 0 0.0113364
74 85 0 0.0113364
74 86 0 0.0113364
74 87 0 0.00586316
74 88 0 0.0105206
74 89 0 0.00783938
74 90 0 0.00783938
74 91 0 0.00783938
74 92 0 0.00783938
74 93 0 0.00783938
74 94 0 0.00183686
74 95 0 0.00194555
74 96 0 0.00057934
74 97 0 0.000420067
75 76 0.000221142 0.00315181
75 77 0 0.00397573
75 78 0 0.00397573
75 79 0 0.00397573
75 80 0 0.00397573
75 81 0.0139048 0.003507
75 82 0 0.00397573
75 83 0 0.00397573
75 84 0 0.00397573
75 85 0 0.00397573
75 86 0 0.00397573
75 87 0.00232095 0.00124092
75 88 0.000222157 0.00393617
75 89 0.00133256 0.00108841
75 90 0.00133256 0.00108841
75 91 0.00133256 0.00108841
75 92 0.00133256 0.00108841
75 93 0.00133256 0.00108841
75 94 0.0662864 0.00946083
75 95 0.138661 0.0194835
75 96 0.166304 0.0799946
75 97 0.0312239 0.135081
76 77 0 0.0100944
76 78 0 0.0100944
76 79 0 0.0100944
76 80 0 0.0100944
76 81 0.000159243 0.00497853
76 82 0 0.0100944
76 83 0 0.0100944
76 84 0 0.0100944
76 85 0 0.0100944
76 86 0 0.0100944
76 87 2.66635e-05 0.00574409
76 88 2.55358e-06 0.00830262
76 89 1.53127e-05 0.00678529
76 90 1.53127e-05 0.00678529
76 91 1.53127e-05 0.00678529
76 92 1.53127e-05 0.00678529
76 93 1.53127e-05 0.00678529
76 94 0.000780846 0.00136802
76 95 0.0016055 0.00473037
76 96 0.00882228 0.00774708
76 97 0.000389102 0.00030231
77 78 0 0.0113364
77 79 0 0.0113364
77 80 0 0.0113364
77 81 0 0.00649372
77 82 0 0.0113364
77 83 0 0.0113364
77 84 0 0.0113364
77 85 0 0.0113364
77 86 0 0.0113364
77 87 0 0.00586316
77 88 0 0.0105206
77 89 0 0.00783938
77 90 0 0.00783938
77 91 0 0.00783938
77 92 0 0.00783938
77 93 0 0.00783938
77 94 0 0.00183686
77 95 0 0.00194555
77 96 0 0.00057934
77 97 0 0.000420067
78 79 0 0.0113364
78 80 0 0.0113364
78 81 0 0.00649372
78 82 0 0.0113364
78 83 0 0.0113364
78 84 0 0.0113364
78 85 0 0.0113364
78 86 0 0.0113364
78 87 0 0.00586316
78 88 0 0.0105206
78 89 0 0.00783938
78 90 0 0.00783938
78 91 0 0.00783938
78 92 0 0.00783938
78 93 0 0.00783938
78 94 0 0.00183686
78 95 0 0.00194555
78 96 0 0.00057934
78 97 0 0.000420067
79 80 0 0.0113364
79 81 0 0.00649372
79 82 0 0.0113364
79 83 0 0.0113364
79 84 0 0.0113364
79 85 0 0.0113364
79 86 0 0.0113364
79 87 0 0.00586316
79 88 0 0.0105206
79 89 0 0.00783938
79 90 0 0.00783938
79 91 0 0.00783938
79 92 0 0.00783938
79 93 0 0.00783938
79 94 0 0.00183686
79 95 0 0.00194555
79 96 0 0.00057934
79 97 0 0.000420067
80 81 0 0.00649372
80 82 0 0.0113364
80 83 0 0.0113364
80 84 0 0.0113364
80 85 0 0.0113364
80 86 0 0.0113364
80 87 0 0.00586316
80 88 0 0.0105206
80 89 0 0.00783938
80 90 0 0.00783938
80 91 0 0.00783938
80 92 0 0.00783938
80 93 0 0.00783938
80 94 0 0.00183686
80 95 0 0.00194555
80 96 0 0.00057934
80 97 0 0.000420067
81 82 0 0.00649372
81 83 0 0.00649372
81 84 0 0.00649372
81 85 0 0.00649372
81 86 0 0.00649372
81 87 0.00167104 0.0232268
81 88 0.0119015 0.0779518
81 89 0.000959489 0.0044972
81 90 0.000959489 0.0044972
81 91 0.000959489 0.0044972
81 92 0.000959489 0.0044972
81 93 0.000959489 0.0044972
81 94 0.179335 0.0175831
81 95 0.0938193 0.0280865
81 96 0.278843 0.100822
81 97 0.193876 0.0352916
82 83 0 0.0113364
82 84 0 0.0113364
82 85 0 0.0113364
82 86 0 0.0113364
82 87 0 0.00586316
82 88 0 0.0105206
82 89 0 0.00783938
82 90 0 0.00783938
82 91 0 0.00783938
82 92 0 0.00783938
82 93 0 0.00783938
82 94 0 0.00183686
82 95 0 0.00194555
82 96 0 0.00057934
82 97 0 0.000420067
83 84 0 0.0113364
83 85 0 0.0113364
83 86 0 0.0113364
83 87 0 0.00586316
83 88 0 0.0105206
83 89 0 0.00783938
83 90 0 0.00783938
83 91 0 0.00783938
83 92 0 0.00783938
83 93 0 0.00783938
83 94 0 0.00183686
83 95 0 0.00194555
83 96 0 0.00057934
83 97 0 0.000420067
84 85 0 0.0113364
84 86 0 0.0113364
84 87 0 0.00586316
84 88 0 0.0105206
84 89 0 0.00783938
84 90 0 0.00783938
84 91 0 0.00783938
84 92 0 0.00783938
84 93 0 0.00783938
84 94 0 0.00183686
84 95 0 0.00194555
84 96 0 0.00057934
84 97 0 0.000420067
85 86 0 0.0113364
85 87 0 0.00586316
85 88 0 0.0105206
85 89 0 0.00783938
85 90 0 0.00783938
85 91 0 0.00783938
85 92 0 0.00783938
85 93 0 0.00783938
85 94 0 0.00183686
85 95 0 0.00194555
85 96 0 0.00057934
85 97 0 0.000420067
86 87 0 0.00586316
86 88 0 0.0105206
86 89 0 0.00783938
86 90 0 0.00783938
86 91 0 0.00783938
86 92 0 0.00783938
86 93 0 0.00783938
86 94 0 0.00183686
86 95 0 0.00194555
86 96 0 0.00057934
86 97 0 0.000420067
87 88 2.67859e-05 0.0065747
87 89 0.000160628 0.00247288
87 90 0.000160628 0.00247288
87 91 0.000160628 0.00247288
87 92 0.000160628 0.00247288
87 93 0.000160628 0.00247288
87 94 0.0340578 0.0193504
87 95 0.0152632 0.00513489
87 96 0.024458 0.0380798
87 97 0.0829211 0.124381
88 89 1.5383e-05 0.00723341
88 90 1.5383e-05 0.00723341
88 91 1.5383e-05 0.00723341
88 92 1.5383e-05 0.00723341
88 93 1.5383e-05 0.00723341
88 94 0.000784432 0.00133317
88 95 0.00145474 0.0131916
88 96 0.00361806 0.0111205
88 97 0.000390888 0.000611099
89 90 0.0539623 0.151371
89 91 0.0539623 0.151371
89 92 0.0539623 0.151371
89 93 0.0539623 0.151371
89 94 0.00470936 0.0356835
89 95 0.0370443 0.0371115
89 96 0.0461723 0.021103
89 97 0.0470097 0.0363922
90 91 0.0539623 0.151371
90 92 0.0539623 0.151371
90 93 0.0539623 0.151371
90 94 0.00470936 0.0356835
90 95 0.0370443 0.0371115
90 96 0.0461723 0.021103
90 97 0.0470097 0.0363922
91 92 0.0539623 0.151371
91 93 0.0539623 0.151371
91 94 0.00470936 0.0356835
91 95 0.0370443 0.0371115
91 96 0.0461723 0.021103
91 97 0.0470097 0.0363922
92 93 0.0539623 0.151371
92 94 0.00470936 0.0356835
92 95 0.0370443 0.0371115
92 96 0.0461723 0.021103
92 97 0.0470097 0.0363922
93 94 0.00470936 0.0356835
93 95 0.0370443 0.0371115
93 96 0.0461723 0.021103
93 97 0.0470097 0.0363922
94 95 0.599362 0.167542
94 96 0.599819 0.143523
94 97 0.247312 0.0657701
95 96 0.779245 0.348629
95 97 0.19874 0.0553347
96 97 0.331671 0.0459831
