P	C	A	G	I	L	V	M	F	W	P	C	S	T	Y	N	Q	H	K	R	D	E	
1	G	0	5	-4	-3	-3	-3	-3	-2	-2	-2	0	-1	-3	0	-2	-2	-1	-2	-1	-2	
2	A	3	3	-2	-2	-1	-1	-2	-3	-1	-1	1	0	-2	-1	-1	-2	-1	-2	-2	-1	
3	M	-1	-2	1	1	1	2	-1	-2	-2	-1	0	2	-1	1	-1	-2	-1	-2	-2	-2	
4	G	1	4	-3	-3	-2	-2	-3	-3	-1	-2	1	1	-2	0	0	-1	-1	-1	-1	-1	
5	S	0	-1	-3	-2	-2	-1	-3	-2	-1	-2	2	0	-1	1	4	2	1	0	0	1	
6	R	-1	-2	-3	-2	-2	-1	-3	-3	-1	-3	0	-1	-2	0	1	-1	4	3	-1	1	
7	D	-2	-1	-3	-4	-3	-3	-4	-4	-2	-4	0	-1	-3	1	0	-1	-1	-2	6	1	
8	T	0	-2	-1	-1	0	-1	-2	-3	-1	-1	1	5	-2	0	-1	-2	-1	-1	-1	-1	
9	M	0	-2	0	0	0	2	-2	-2	-1	-1	1	4	-2	0	-1	-2	-1	-1	-1	-1	
10	F	-2	-3	0	0	-1	0	6	4	-4	-2	-2	-2	3	-3	-3	-1	-3	-3	-4	-3	
11	T	0	-2	-1	-1	0	-1	-2	-3	-1	-1	1	5	-2	0	-1	-2	-1	-1	-1	-1	
12	K	-1	-2	-3	-3	-2	-1	-3	-3	-1	-3	0	-1	-2	0	1	-1	5	2	-1	1	
13	I	-1	-4	4	2	2	1	0	-3	-3	-1	-2	-1	-1	-3	-3	-3	-3	-3	-3	-3	
14	F	-2	-3	0	0	-1	0	6	1	-4	-2	-2	-2	3	-3	-3	-1	-3	-3	-4	-3	
15	V	0	-3	3	1	4	1	-1	-3	-2	-1	-2	0	-1	-3	-2	-3	-2	-3	-3	-3	
16	G	0	6	-4	-4	-3	-3	-3	-3	-2	-3	0	-2	-3	0	-2	-2	-2	-2	-1	-2	
17	G	0	6	-4	-4	-3	-3	-3	-3	-2	-3	0	-2	-3	0	-2	-2	-2	-2	-1	-2	
18	L	-2	-4	2	4	1	2	0	-2	-3	-1	-3	-1	-1	-4	-2	-3	-3	-2	-4	-3	
19	P	-1	-2	-3	-3	-2	-3	-4	-4	8	-3	-1	-1	-3	-2	-1	-2	-1	-2	-2	-1	
20	Y	-2	-3	-1	-1	-1	-1	3	2	-3	-3	-2	-2	7	-2	-2	2	-2	-2	-3	-2	
21	H	-2	-2	-3	-3	-3	-2	-1	-2	-2	-3	-1	-2	2	1	0	8	-1	0	-1	0	
22	T	0	-2	-1	-1	0	-1	-2	-3	-1	-1	1	5	-2	0	-1	-2	-1	-1	-1	-1	
23	S	0	-1	-1	-2	-1	-1	-2	-3	-1	-1	2	4	-2	2	0	-1	-1	-1	0	-1	
24	D	-2	-1	-3	-4	-3	-3	-4	-4	-2	-4	0	-1	-3	1	0	-1	-1	-2	6	1	
25	K	2	-1	-2	-2	-1	-1	-3	-3	-1	-2	1	0	-2	0	1	-1	3	1	-1	0	
26	T	1	-1	-2	-2	-1	-1	-2	-3	-1	-1	3	3	-2	0	0	-1	0	-1	-1	0	
27	L	-2	-4	2	4	1	2	0	-2	-3	-1	-3	-1	-1	-4	-2	-3	-3	-2	-4	-3	
28	H	-2	-2	-3	-2	-3	-1	-2	-3	-2	-3	-1	-1	0	0	1	4	2	5	-2	0	
29	E	-1	-2	-3	-3	-2	-2	-3	-3	-1	-3	0	-1	-2	0	2	0	3	1	2	4	
30	Y	-2	-3	-2	-1	-2	-1	3	1	-3	-3	-2	-2	6	-1	-1	4	-2	-1	-3	-2	
31	F	-2	-3	0	0	-1	0	6	1	-4	-2	-2	-2	3	-3	-3	-1	-3	-3	-4	-3	
32	E	0	-2	-3	-3	-2	-2	-3	-3	-1	-3	0	-1	-2	0	2	0	1	0	2	5	
33	Q	0	-2	1	0	2	1	-2	-2	-2	-1	0	1	-1	-1	3	-1	0	0	-2	0	
34	F	-2	-3	-1	0	-1	0	6	1	-4	-2	-2	-2	5	-3	-3	0	-3	-3	-3	-3	
35	G	0	6	-4	-4	-3	-3	-3	-3	-2	-3	0	-2	-3	0	-2	-2	-2	-2	-1	-2	
36	D	-2	-2	-3	-4	-3	-3	-4	-4	-1	-4	0	-1	-3	1	0	-1	0	-1	5	3	
37	I	-1	-4	4	2	3	1	0	-3	-3	-1	-2	-1	-1	-3	-3	-3	-3	-3	-3	-3	
38	E	-1	-2	-3	-3	-3	-2	-3	-3	-1	-4	0	-1	-2	0	2	0	1	0	2	5	
39	E	-1	-2	-3	-3	-3	-2	-3	-3	-1	-4	0	-1	-2	0	2	0	1	0	1	5	
40	A	4	0	-1	-2	0	-1	-2	-3	-1	0	1	0	-2	-2	-1	-2	-1	-1	-2	-1	
41	V	0	-3	3	1	4	1	-1	-3	-2	-1	-2	0	-1	-3	-2	-3	-2	-3	-3	-3	
42	V	0	-3	3	1	4	1	-1	-3	-2	-1	-2	0	-1	-3	-2	-3	-2	-3	-3	-3	
43	I	-1	-4	4	2	3	1	0	-3	-3	-1	-2	-1	-1	-3	-3	-3	-3	-3	-3	-3	
44	T	0	-2	-1	-1	0	-1	-2	-3	-1	-1	1	5	-2	0	-1	-2	-1	-1	-1	-1	
45	D	-2	-1	-3	-4	-3	-3	-4	-4	-2	-4	0	-1	-3	1	0	-1	-1	-2	6	1	
46	R	-2	-2	-3	-2	-3	-1	-3	-3	-2	-4	-1	-1	-2	-1	1	0	2	6	-2	0	
47	N	-1	-2	-2	-2	-1	-1	-3	-2	-1	-3	0	-1	-2	1	5	0	1	1	0	2	
48	T	0	-2	-1	-1	0	-1	-2	-3	-1	-1	2	5	-2	0	-1	-2	-1	-1	-1	-1	
49	Q	0	5	-3	-3	-3	-2	-3	-2	-2	-3	0	-1	-3	0	2	-1	0	-1	-1	0	
50	K	-1	-2	-3	-3	-2	-1	-3	-3	-1	-3	0	-1	-2	0	1	-1	5	2	-1	1	
51	S	1	0	-2	-3	-2	-2	-2	-3	-1	-1	4	1	-2	1	0	-1	0	-1	0	0	
52	R	-2	-2	-3	-2	-3	-1	-3	-3	-2	-4	-1	-1	-2	-1	1	0	2	6	-2	0	
53	G	0	6	-4	-4	-3	-3	-3	-3	-2	-3	0	-2	-3	0	-2	-2	-2	-2	-1	-2	
54	Y	-2	-3	-1	-1	-1	-1	3	2	-3	-3	-2	-2	7	-2	-2	2	-2	-2	-3	-2	
55	G	0	6	-4	-4	-3	-3	-3	-3	-2	-3	0	-2	-3	0	-2	-2	-2	-2	-1	-2	
56	F	-2	-3	0	0	-1	0	6	1	-4	-2	-2	-2	3	-3	-3	-1	-3	-3	-4	-3	
57	V	0	-3	3	1	4	1	-1	-3	-2	-1	-2	0	-1	-3	-2	-3	-2	-3	-3	-3	
58	T	0	-2	0	-1	0	-1	-2	-3	-1	-1	1	5	-2	0	-1	-2	-1	-1	-1	-1	
59	M	-1	-3	1	2	1	6	0	-2	-3	-2	-2	-1	-1	-2	-1	-2	-1	-1	-3	-2	
60	K	2	1	-1	-2	-1	-1	-2	-3	-1	-1	1	0	-2	-1	0	-1	2	0	-1	0	
61	D	-2	-1	-3	-4	-3	-3	-4	-4	-2	-4	0	-1	-3	1	0	-1	-1	-2	6	2	
62	R	-1	-2	-3	-2	-3	-1	-3	-3	-2	-3	-1	-1	-2	0	1	0	3	5	-2	0	
63	A	2	0	0	-1	0	-1	-2	-3	2	-1	1	0	-2	-1	-1	-2	-1	-1	-1	0	
64	S	3	0	-2	-2	-1	-1	-2	-3	-1	-1	3	1	-2	0	-1	-1	-1	-1	0	0	
65	A	4	0	-1	-2	0	-1	-2	-3	-1	0	1	0	-2	-2	-1	-2	-1	-1	-2	-1	
66	E	-1	-2	-3	-3	-3	-2	-3	-3	-1	-4	0	-1	-2	0	2	0	1	0	2	5	
67	R	-1	-2	-3	-2	-3	-1	-3	-3	-2	-3	-1	-1	-2	0	2	0	2	5	-2	0	
68	A	4	0	-1	-2	0	-1	-2	-3	-1	0	1	0	-2	-2	-1	-2	-1	-1	-2	-1	
69	C	0	-3	-1	-1	0	-1	-2	-2	-3	9	-1	0	-2	-3	-3	-3	-3	-3	-3	-3	
70	K	-1	-2	-3	-3	-2	-1	-3	-3	-1	-3	0	-1	-2	0	1	-1	5	3	-1	1	
71	D	-2	-1	-3	-4	-3	-3	-4	-4	-2	-4	0	-1	-3	1	0	-1	-1	-1	6	2	
72	P	0	-2	-3	-3	-2	-2	-4	-4	7	-3	-1	-1	-3	-2	-1	-2	-1	-2	-2	-1	
73	N	-2	0	-3	-4	-3	-2	-3	-4	-2	-3	1	0	-2	6	0	1	0	-1	1	0	
74	P	-1	-2	-3	-3	-2	-3	-4	-4	8	-3	-1	-1	-3	-2	-1	-2	-1	-2	-2	-1	
75	I	-1	-4	4	1	3	1	0	-3	-3	-1	-2	-1	-1	-3	-3	-3	-3	-3	-3	-3	
76	I	-1	-4	4	2	3	1	0	-3	-3	-1	-2	-1	-1	-3	-3	-3	-3	-3	-3	-3	
77	D	-2	-1	-3	-4	-3	-3	-4	-4	-2	-4	0	-1	-3	1	0	-1	-1	-2	6	1	
78	G	0	6	-4	-4	-3	-3	-3	-3	-2	-3	0	-2	-3	0	-2	-2	-2	-2	-1	-2	
79	R	-2	-2	-3	-2	-3	-1	-3	-3	-2	-4	-1	-1	-2	-1	1	0	2	6	-2	0	
80	K	-1	-2	-3	-3	-2	-1	-3	-3	-1	-3	0	-1	-2	0	1	-1	5	2	-1	1	
81	A	4	0	-1	-2	0	-1	-2	-3	-1	0	1	0	-2	-2	-1	-2	-1	-1	-2	-1	
82	N	-2	0	-3	-4	-3	-2	-3	-4	-2	-3	1	0	-2	6	0	1	0	-1	1	0	
83	V	0	-3	3	1	4	1	-1	-3	-2	-1	-2	0	-1	-3	-2	-3	-2	-3	-3	-3	
84	N	-2	0	-3	-4	-3	-2	-3	-4	-2	-3	1	0	-2	6	0	1	0	-1	1	0	
85	L	-2	-4	2	4	1	2	0	-2	-3	-1	-3	-1	-1	-4	-2	-3	-3	-2	-4	-3	
86	A	4	0	-1	-2	0	-1	-2	-3	-1	0	1	0	-2	-2	-1	-2	-1	-1	-2	-1	
87	Y	-2	-3	0	-1	-1	-1	3	2	-3	-2	-2	-2	7	-2	-2	2	-2	-2	-3	-2	
88	L	-2	-4	2	4	1	2	0	-2	-3	-1	-3	-1	-1	-4	-2	-3	-3	-2	-4	-3	
89	G	0	6	-4	-4	-3	-3	-3	-3	-2	-3	0	-2	-3	0	-2	-2	-2	-2	-1	-2	
90	A	4	0	-1	-2	0	-1	-2	-3	-1	0	1	0	-2	-2	-1	-2	-1	-1	-2	-1	
91	K	-1	-2	-3	-3	-2	-1	-3	-3	-1	-3	0	-1	-2	0	1	-1	5	2	-1	1	
92	P	-1	-2	-3	-3	-2	-3	-4	-4	8	-3	-1	-1	-3	-2	-1	-2	-1	-2	-2	-1	
93	R	-2	-2	-3	-2	-3	-1	-3	-3	-2	-4	-1	-1	-2	-1	1	0	2	6	-2	0	
94	T	0	3	-3	-3	-2	-2	-3	-3	-2	-2	2	2	-2	2	-1	-1	-1	-1	0	-1	
95	N	-2	-1	-3	-3	-3	-2	-3	-4	1	-3	0	0	-2	6	0	0	0	-1	1	0	
96	V	0	-3	2	3	2	1	0	-2	-3	-1	-2	-1	-1	-3	-2	-3	-2	-2	-3	-3	
97	Q	-1	-2	-3	-2	-2	-1	-3	-2	-1	-3	0	-1	-1	0	5	3	1	1	0	2	
